#<#tasks> <#config> <#data> <#vms> <#buckets> <#bucket_ranges> <max_running_time> <max_financial_cost>
31	5	71	3	1	3	1000	999999

#<task_id> <activity_id> <task_type__0-VM__1-VM_FX> <vm_cpu_time> <n_input> [<id_input>...] <n_output> [<id_output>...]
731	1	1	0.0326398448087275	1	[120]	1	[121]
814	1	1	0.06410602596588433	1	[228]	1	[229]
1291	1	1	0.05979401804506779	1	[440]	1	[441]
1292	1	1	0.015186154982075095	1	[442]	1	[443]
1354	1	1	0.06563130486756563	1	[566]	1	[567]
1359	1	1	0.014510883949697018	1	[576]	1	[577]
1369	1	1	0.031480978010222316	1	[596]	1	[597]
1381	1	1	0.02401455515064299	1	[620]	1	[621]
1411	1	1	0.04233698290772736	1	[680]	1	[681]
1417	1	1	0.01683775312267244	1	[692]	1	[693]
751	2	1	0.002325981855392456	1	[121]	6	[140,141,142,143,144,145]
864	2	1	0.002053493168205023	1	[229]	5	[324,325,326,327,328]
1492	2	1	0.0017858350183814764	1	[441]	4	[746,747,748,749]
1493	2	1	0.0020612140651792288	1	[443]	4	[750,751,752,753]
1555	2	1	0.0026259711012244225	1	[567]	4	[998,999,1000,1001]
1560	2	1	0.0015180299524217844	1	[577]	4	[1018,1019,1020,1021]
1570	2	1	0.001815043156966567	1	[597]	4	[1058,1059,1060,1061]
1582	2	1	0.0013670080807060003	1	[621]	3	[1097,1098,1099]
1612	2	1	0.0013591740280389786	1	[681]	3	[1187,1188,1189]
1618	2	1	0.0012475480325520039	1	[693]	3	[1205,1206,1207]
11887	3	1	0.10680080484598875	40	[140,141,142,143,144,145,324,325,326,327,328,746,747,748,749,750,751,752,753,998,999,1000,1001,1018,1019,1020,1021,1058,1059,1060,1061,1097,1098,1099,1187,1188,1189,1205,1206,1207]	1	[193]
11888	3	1	0.08778910501860082	40	[140,141,142,143,144,145,324,325,326,327,328,746,747,748,749,750,751,752,753,998,999,1000,1001,1018,1019,1020,1021,1058,1059,1060,1061,1097,1098,1099,1187,1188,1189,1205,1206,1207]	1	[417]
11889	3	1	0.07233025506138802	40	[140,141,142,143,144,145,324,325,326,327,328,746,747,748,749,750,751,752,753,998,999,1000,1001,1018,1019,1020,1021,1058,1059,1060,1061,1097,1098,1099,1187,1188,1189,1205,1206,1207]	1	[1336]
11890	3	1	0.07096825703047216	40	[140,141,142,143,144,145,324,325,326,327,328,746,747,748,749,750,751,752,753,998,999,1000,1001,1018,1019,1020,1021,1058,1059,1060,1061,1097,1098,1099,1187,1188,1189,1205,1206,1207]	1	[1337]
11891	3	1	0.07075844681821764	40	[140,141,142,143,144,145,324,325,326,327,328,746,747,748,749,750,751,752,753,998,999,1000,1001,1018,1019,1020,1021,1058,1059,1060,1061,1097,1098,1099,1187,1188,1189,1205,1206,1207]	1	[1358]
11892	3	1	0.09604095295071602	40	[140,141,142,143,144,145,324,325,326,327,328,746,747,748,749,750,751,752,753,998,999,1000,1001,1018,1019,1020,1021,1058,1059,1060,1061,1097,1098,1099,1187,1188,1189,1205,1206,1207]	1	[1412]
11893	3	1	0.07295112498104572	40	[140,141,142,143,144,145,324,325,326,327,328,746,747,748,749,750,751,752,753,998,999,1000,1001,1018,1019,1020,1021,1058,1059,1060,1061,1097,1098,1099,1187,1188,1189,1205,1206,1207]	1	[1377]
11894	3	1	0.05355084501206875	40	[140,141,142,143,144,145,324,325,326,327,328,746,747,748,749,750,751,752,753,998,999,1000,1001,1018,1019,1020,1021,1058,1059,1060,1061,1097,1098,1099,1187,1188,1189,1205,1206,1207]	1	[1361]
11895	3	1	0.0558832180686295	40	[140,141,142,143,144,145,324,325,326,327,328,746,747,748,749,750,751,752,753,998,999,1000,1001,1018,1019,1020,1021,1058,1059,1060,1061,1097,1098,1099,1187,1188,1189,1205,1206,1207]	1	[1405]
11896	3	1	0.05224141990765929	40	[140,141,142,143,144,145,324,325,326,327,328,746,747,748,749,750,751,752,753,998,999,1000,1001,1018,1019,1020,1021,1058,1059,1060,1061,1097,1098,1099,1187,1188,1189,1205,1206,1207]	1	[1413]
11897	4	1	0.00039050914347171783	10	[193,417,1336,1337,1358,1361,1377,1405,1412,1413]	1	[1414]

#<data_id> <data_size> <read_time_avg> <write_time_avg> <is_static> <n_source_devices> [<device_id>...]
120	3233	0.1470980276000546	None	1	1	[denethor_bucket]
121	527	0.1380289604000609	0.05852083919994584	0	0	[denethor_bucket]
140	185	0.11967689466670592	0.04475795299997572	0	0	[denethor_bucket]
141	199	0.11317416066670676	0.04785977599999569	0	0	[denethor_bucket]
142	185	0.11975188900001385	0.041805698400003165	0	0	[denethor_bucket]
143	187	0.11320449300002142	0.048083829199981665	0	0	[denethor_bucket]
144	313	0.13977877466668545	0.047868972200058126	0	0	[denethor_bucket]
145	527	0.11303449233328892	0.0456166332000521	0	0	[denethor_bucket]
193	314	0.15213100059995668	0.14013700620002964	0	0	[denethor_bucket]
228	4072	0.05350789600001917	None	1	1	[denethor_bucket]
229	463	0.05565894479998406	0.05130868279995866	0	0	[denethor_bucket]
324	193	0.11978579466670182	0.04641618159996597	0	0	[denethor_bucket]
325	187	0.11995818299999428	0.041095496199977787	0	0	[denethor_bucket]
326	185	0.13292234466663913	0.044350344399981624	0	0	[denethor_bucket]
327	301	0.10697781866666868	0.055643297400001755	0	0	[denethor_bucket]
328	463	0.11693452866672759	0.045209119600031045	0	0	[denethor_bucket]
417	273	0.07287578460000077	0.04997988600000554	0	0	[denethor_bucket]
440	4130	0.06840386600001694	None	1	1	[denethor_bucket]
441	407	0.046160418999988906	0.053546257399966636	0	0	[denethor_bucket]
442	2844	0.07077685799997653	None	1	1	[denethor_bucket]
443	407	0.05549321319997489	0.05350210959998094	0	0	[denethor_bucket]
566	4042	0.055524549999927335	None	1	1	[denethor_bucket]
567	399	0.051905696599965266	0.04738743839998279	0	0	[denethor_bucket]
576	3467	0.05497197539998524	None	1	1	[denethor_bucket]
577	413	0.05518551119998847	0.049449180799979335	0	0	[denethor_bucket]
596	2757	0.06881279199990331	None	1	1	[denethor_bucket]
597	407	0.054455538599995634	0.05084832879999795	0	0	[denethor_bucket]
620	3584	0.05183166840004105	None	1	1	[denethor_bucket]
621	349	0.04843528539997806	0.04350300579997111	0	0	[denethor_bucket]
680	3920	0.05851835500000107	None	1	1	[denethor_bucket]
681	339	0.05114895799997612	0.048475487400014575	0	0	[denethor_bucket]
692	2940	0.0694474445999731	None	1	1	[denethor_bucket]
693	339	0.054759323999974185	0.052480203600021015	0	0	[denethor_bucket]
746	187	0.11972616566665321	0.04362582700005078	0	0	[denethor_bucket]
747	185	0.11086588633334786	0.04219642660002592	0	0	[denethor_bucket]
748	249	0.11541159533334179	0.046513867999965444	0	0	[denethor_bucket]
749	407	0.11312682799993481	0.04189488400004393	0	0	[denethor_bucket]
750	187	0.1263754966666872	0.04800836860003983	0	0	[denethor_bucket]
751	185	0.11985777233332827	0.0493234831999871	0	0	[denethor_bucket]
752	245	0.11302427466667568	0.0456088216000353	0	0	[denethor_bucket]
753	407	0.11986977899993206	0.041226081000058916	0	0	[denethor_bucket]
998	185	0.12634958366659066	0.043825204599920654	0	0	[denethor_bucket]
999	241	0.10647450166668661	0.04678672420002385	0	0	[denethor_bucket]
1000	187	0.133084608666678	0.04321663240000362	0	0	[denethor_bucket]
1001	399	0.11565087400006732	0.04695050180000635	0	0	[denethor_bucket]
1018	193	0.11976792366667169	0.04631382180004948	0	0	[denethor_bucket]
1019	187	0.1264735773333429	0.048446584399925996	0	0	[denethor_bucket]
1020	243	0.11306271233335492	0.04023372540002584	0	0	[denethor_bucket]
1021	413	0.11981693733328783	0.046726029799947354	0	0	[denethor_bucket]
1058	193	0.12637226066666088	0.042476576599983676	0	0	[denethor_bucket]
1059	187	0.11321188466663072	0.043435951800051956	0	0	[denethor_bucket]
1060	245	0.11968386633338461	0.047848607000014455	0	0	[denethor_bucket]
1061	407	0.1197911463332796	0.04641926639999383	0	0	[denethor_bucket]
1097	185	0.11332017400000412	0.04539825660001497	0	0	[denethor_bucket]
1098	187	0.12625310333327883	0.04152418860001035	0	0	[denethor_bucket]
1099	349	0.1263440126667584	0.03984720419998666	0	0	[denethor_bucket]
1187	185	0.10660578566668266	0.04259915420004745	0	0	[denethor_bucket]
1188	241	0.12637201400006393	0.04559697659992708	0	0	[denethor_bucket]
1189	339	0.11313352566664982	0.04397243460002755	0	0	[denethor_bucket]
1205	185	0.12050473666666518	0.04519839400004457	0	0	[denethor_bucket]
1206	185	0.11474656966663126	0.04767539780000334	0	0	[denethor_bucket]
1207	339	0.11934711766667748	0.041872679599987354	0	0	[denethor_bucket]
1336	232	0.06783672440001283	0.051826261399992295	0	0	[denethor_bucket]
1337	232	0.06477566879998449	0.08344417200005409	0	0	[denethor_bucket]
1358	236	0.06519720019996385	0.058372666000013854	0	0	[denethor_bucket]
1361	194	0.06725315060002686	0.054011959399986154	0	0	[denethor_bucket]
1377	236	0.058924715599914634	0.054911821800078545	0	0	[denethor_bucket]
1405	194	0.06623427640001864	0.06135373379995599	0	0	[denethor_bucket]
1412	236	0.06692713520001235	0.055378368199967554	0	0	[denethor_bucket]
1413	194	0.06589009440003793	0.055238387400027025	0	0	[denethor_bucket]
1414	2089	None	0.062442290600029086	0	0	[denethor_bucket]

#<vm1_cpu_slowdown> <vm2_cpu_slowdown> ... <vm10_cpu_slowdown>
1.00	1.00	0.50

#<vm1_storage> <vm2 _storage> <vm3_storage>
8192	8192	8192

#<vm1_cost> <vm2_cost> <vm3_cost>
0.0000051670	0.0000103330	0.0000186671

#<vm_id> <bandwidth>
1	1250
2	1250
3	5000

#<task_id> <activity_id> <conf_id> <task_cost> <task_time_duration> <task_time_init> <task_time_cpu> <task_time_read> <task_time_write> <task_count>
731	1	1	0.00000218323313	0.9519500000000001	0.0	0.6027735200000173	0.2700956360000646	0.07908084399991822	1
731	1	2	0.00000266092159	0.59062	0.8446	0.3557357030002196	0.1803343669998867	0.05454992999989372	1
731	1	3	0.00000377917383	0.4295	0.9291699999999999	0.27835805099975186	0.10789373000011437	0.04324821900013376	1
731	1	4	0.00000566017759	0.32761	0.83343	0.1716610949999407	0.08478684500005329	0.07116206000000602	1
731	1	5	0.00000987768602	0.29033	0.88871	0.15338729700006848	0.09237956000015402	0.04456314299977748	1
751	2	1	0.00000170356551	0.7217100000000001	0.0	0.12351466900005743	0.17827595400001428	0.4199193769999283	1
751	2	2	0.00000257721309	0.57053	0.8889	0.1065151099995012	0.20039715600000818	0.2636177340004906	1
751	2	3	0.00000420092467	0.48011000000000004	0.77025	0.10666161699967722	0.14362011900004745	0.22982826400027534	1
751	2	4	0.00000751984797	0.43919	0.88615	0.1060035689999417	0.08910649200015541	0.24407993899990288	1
751	2	5	0.00001381136056	0.40834	0.8647	0.1070759230001857	0.07874508100007915	0.22251899599973513	1
814	1	1	0.00000277208848	1.2346	0.0	1.0425675630000337	0.1061761739999838	0.08585626299998239	1
814	1	2	0.00000253708801	0.5609	0.0	0.47876821999994573	0.03648440300003131	0.04564737700002297	1
814	1	3	0.00000372292371	0.42275	0.0	0.3323127130000139	0.04743444600012481	0.04300284099986129	1
814	1	4	0.00000476050912	0.27363	0.0	0.2013529320002789	0.033698784999842246	0.038578282999878866	1
814	1	5	0.0000087676838	0.25703	0.0	0.1698256779998385	0.0437456720001137	0.04345865000004778	1
864	2	1	0.00000136743983	0.56037	0.0	0.15937770699982787	0.0995254950000799	0.30146679800009224	1
864	2	2	0.0000019493785	0.41985000000000006	0.0	0.11676925700044524	0.04782854899985978	0.255252193999695	1
864	2	3	0.00000291325543	0.32559	0.0	0.10409721200002224	0.044326763999947616	0.17716602400003012	1
864	2	4	0.00000672717972	0.39163	0.0	0.10474232800030665	0.043987369999967996	0.24290030199972534	1
864	2	5	0.00001133002226	0.3339	0.0	0.1044865759996868	0.04262654600006499	0.18678687800024818	1
1291	1	1	0.00000247431705	1.0916700000000001	0.0	0.8880778899999551	0.1187181000000237	0.08487401000002137	1
1291	1	2	0.00000252604632	0.55825	0.0	0.42476550900023724	0.0737558179998814	0.05972867299988138	1
1291	1	3	0.00000370517368	0.42062	0.0	0.32064194999988205	0.0561338310001247	0.043844218999993245	1
1291	1	4	0.00000497634289	0.28658	0.0	0.19194857300003249	0.054815120000057505	0.03981630699991001	1
1291	1	5	0.00000824034941	0.24121	0.0	0.16314546099997548	0.03859646099999736	0.03946807800002716	1
1292	1	1	0.00000133937728	0.5468999999999999	0.0	0.32348765199998925	0.1343813590000309	0.08903098899997985	1
1292	1	2	0.00000144075248	0.29778	0.0	0.20158915400010052	0.05018240899994453	0.04600843699995494	1
1292	1	3	0.00000214758723	0.23371	0.0	0.14713035799993937	0.043441003999987515	0.043138638000073115	1
1292	1	4	0.00000398067423	0.22684	0.0	0.1205156770001466	0.06515397399994072	0.041170348999912676	1
1292	1	5	0.00000779068185	0.22772	0.0	0.1188323210000369	0.06072554399997898	0.04816213499998412	1
1354	1	1	0.00000271575503	1.20756	0.0	1.0251560890000624	0.1056560229999377	0.07674788799999988	1
1354	1	2	0.00000245696285	0.54167	0.0	0.45578678800022854	0.04231593599979533	0.04356727599997612	1
1354	1	3	0.00000357225674	0.40467000000000003	0.0	0.33489404899988945	0.038434752000057415	0.031341199000053166	1
1354	1	4	0.00000517250994	0.29835	0.0	0.20625372900005426	0.05391823199988721	0.03817803900005856	1
1354	1	5	0.0000086823503	0.25447000000000003	0.0	0.1700694030002148	0.03729780699995899	0.0471027899998262	1
1359	1	1	0.0000010976268	0.43086	0.0	0.2325259450000816	0.11011016099996596	0.08822389399995245	1
1359	1	2	0.00000119108532	0.23786000000000002	0.0	0.1574680599999732	0.04150400499997886	0.038887935000047946	1
1359	1	3	0.00000204000368	0.22080000000000002	0.0	0.14354497600010366	0.03754038300007778	0.039714640999818585	1
1359	1	4	0.00000341733977	0.19304	0.0	0.1134370130001835	0.039640978999841536	0.03996200799997496	1
1359	1	5	0.00000691368009	0.20141	0.0	0.11488822499983523	0.046064349000062066	0.040457426000102714	1
1369	1	1	0.00000179408652	0.76516	0.0	0.5598395049999764	0.1241691359999777	0.08115135900004589	1
1369	1	2	0.00000173879474	0.36931	0.0	0.2724384130001041	0.06192721299998993	0.03494437399990602	1
1369	1	3	0.00000299625559	0.33555	0.0	0.2208330069999982	0.05668412099998932	0.0580328720000125	1
1369	1	4	0.00000432450825	0.24747	0.0	0.1542697730001025	0.05877343399993151	0.03442679299996598	1
1369	1	5	0.00000769301499	0.22479	0.0	0.13659369800031257	0.042510055999628094	0.04568624600005933	1
1381	1	1	0.00000147479422	0.6119	0.0	0.45895301200006033	0.09123053199994047	0.0617164559999992	1
1381	1	2	0.00000152246098	0.31739	0.0	0.24092688000002874	0.03710945400007404	0.0393536659998972	1
1381	1	3	0.00000240558774	0.26467	0.0	0.18856576999994462	0.037621165000018664	0.03848306500003673	1
1381	1	4	0.00000388450737	0.22107	0.0	0.13689188099982885	0.04686435100006747	0.037313768000103664	1
1381	1	5	0.00000737334768	0.2152	0.0	0.12821908600007664	0.046332840000104625	0.040648073999818735	1
1411	1	1	0.00000200229527	0.8651000000000001	0.0	0.6641550300000906	0.11286428799996884	0.08808068199994068	1
1411	1	2	0.00000199379525	0.43051	0.0	0.32835589299983964	0.057835211000110576	0.04431889600004979	1
1411	1	3	0.00000294917217	0.32989999999999997	0.0	0.25595387100002187	0.03817147099994145	0.03577465800003665	1
1411	1	4	0.00000410784115	0.23447	0.0	0.1612672640000153	0.040080036000063046	0.03312269999992168	1
1411	1	5	0.00000792434878	0.23173	0.0	0.1470087299999545	0.04364076899992142	0.04108050100012406	1
1417	1	1	0.00000125391877	0.50588	0.0	0.29332494999989456	0.12545184400005382	0.08710320600005161	1
1417	1	2	0.00000149650259	0.31116000000000005	0.0	0.1767772200001038	0.0848367920000328	0.04954598799986343	1
1417	1	3	0.00000213642054	0.23237000000000002	0.0	0.14762880599988343	0.039995956999973714	0.04474523700014288	1
1417	1	4	0.00000365984025	0.20759	0.0	0.12136850499998204	0.046596906999866405	0.03962458800015156	1
1417	1	5	0.0000072520141	0.21156	0.0	0.11982227800016568	0.050355722999938735	0.041381998999895586	1
1492	2	1	0.00000112525185	0.44412	0.0	0.12163545600003738	0.06340814800000771	0.2590763959999549	1
1492	2	2	0.00000151708597	0.31610000000000005	0.0	0.10408687899961808	0.0411324860001514	0.17088063500023054	1
1492	2	3	0.00000264617156	0.29354	0.0	0.10398836499995656	0.04397926399997232	0.14557237100007114	1
1492	2	4	0.00000508617644	0.29317000000000004	0.0	0.10425291600003214	0.03889962099992772	0.15001746300004015	1
1492	2	5	0.00000997168621	0.29314999999999997	0.0	0.10415926099998103	0.043382575999885375	0.14560816300013357	1
1493	2	1	0.00000123612707	0.49734	0.0	0.12221896699997234	0.09653549199992995	0.2785855410000977	1
1493	2	2	0.00000168141963	0.35554	0.0	0.10411031800002007	0.056008840000004056	0.1954208419999759	1
1493	2	3	0.00000264408822	0.29329000000000005	0.0	0.1038406169999899	0.04163611100000253	0.1478132720000076	1
1493	2	4	0.00000515284324	0.29717000000000005	0.0	0.10442609199976136	0.04487178900012623	0.14787211900011243	1
1493	2	5	0.00000998801958	0.29364	0.0	0.10408416799977624	0.038413833999811686	0.15114199800041206	1
1555	2	1	0.00000116410609	0.46277	0.0	0.10447742900000731	0.07335321499999736	0.2849393559999953	1
1555	2	2	0.00000165158624	0.34838	0.0	0.104453022999999	0.053458657999954085	0.1904683190000469	1
1555	2	3	0.00000261375483	0.28964999999999996	0.0	0.10412689200001603	0.043863062000014	0.14166004599996995	1
1555	2	4	0.00000523867674	0.30232	0.0	0.10428335499999804	0.04338044199994329	0.15465620300005867	1
1555	2	5	0.00000961301883	0.28239	0.0	0.10474550300038084	0.04547310599991761	0.13217139099970154	1
1560	2	1	0.00000120950202	0.48456	0.0	0.10521036299986787	0.09905830500008506	0.2802913320000471	1
1560	2	2	0.0000015818361	0.33164	0.0	0.11839205000013192	0.040827318000083324	0.17242063199978475	1
1560	2	3	0.00000270133834	0.30016000000000004	0.0	0.10416697100014898	0.04201032200001009	0.15398270699984096	1
1560	2	4	0.00000566267759	0.32776	0.0	0.10440920899997014	0.05029169399995226	0.1730590970000776	1
1560	2	5	0.00000944001848	0.2772	0.0	0.10461304400019543	0.04373991699981161	0.12884703899999295	1
1570	2	1	0.00000118162696	0.47118000000000004	0.0	0.11448933000007919	0.09048487799998384	0.266205791999937	1
1570	2	2	0.00000157475275	0.32994	0.0	0.10438596300006196	0.04710069499992642	0.17845334200001162	1
1570	2	3	0.00000275533844	0.30663999999999997	0.0	0.10397383700011016	0.04686045500000091	0.1558057079998889	1
1570	2	4	0.00000526351013	0.30381	0.0	0.10712848800005902	0.044111278999935166	0.15257023300000583	1
1570	2	5	0.00001006335306	0.2959	0.0	0.10431267999949194	0.04372038600013184	0.1478669340003762	1
1582	2	1	0.00000092289728	0.34699	0.0	0.12089451000007943	0.06543274900002416	0.16066274099989641	1
1582	2	2	0.00000145908585	0.30218	0.0	0.11607739999985978	0.04313215100000889	0.14297044900013134	1
1582	2	3	0.00000231733757	0.25408000000000003	0.0	0.10365944600000702	0.04323826199993164	0.10718229200006135	1
1582	2	4	0.00000456150872	0.26169	0.0	0.10414441899997787	0.048112789000015255	0.10943279200000688	1
1582	2	5	0.00000886268399	0.25988	0.0	0.10401955100012572	0.04226047599991034	0.11359997299996394	1
1612	2	1	0.0000009857724	0.37717	0.0	0.10411944300008048	0.07463430699999662	0.1984162499999229	1
1612	2	2	0.00000146387753	0.30333	0.0	0.11279794900000895	0.04013263499996356	0.15039941600002749	1
1612	2	3	0.00000234783763	0.25774	0.0	0.10358922299995925	0.04237375200000315	0.11177702500003761	1
1612	2	4	0.00000442450845	0.25347000000000003	0.0	0.10416129399994381	0.043886924999924304	0.10542178100013189	1
1612	2	5	0.00000865468358	0.25364	0.0	0.10409447400011652	0.05471717099999296	0.09482835499989051	1
1618	2	1	0.00000105429338	0.41006000000000004	0.0	0.14009524599994308	0.06927923199998531	0.20068552200007161	1
1618	2	2	0.00000134150228	0.27396	0.0	0.10402322199980785	0.04280794099986451	0.12712883700032762	1
1618	2	3	0.00000228267083	0.24992	0.0	0.10344097800000591	0.03518705700003011	0.11129196499996397	1
1618	2	4	0.00000537867702	0.31072000000000005	0.0	0.10430206500000963	0.08177964299989071	0.12463829200009968	1
1618	2	5	0.00000885635065	0.25969	0.0	0.1049595120001863	0.04474274700010028	0.10998774099971342	1
11887	3	1	0.0000123347951	5.8246899999999995	0.0	5.579857862000007	0.0	0.24483213799999248	1
11887	3	2	0.00001182256491	2.7894099999999997	0.7762300000000001	2.6121257129999793	0.0	0.1772842870000204	1
11887	3	3	0.00001181552323	1.3938599999999999	0.76002	1.2720384929999502	0.0	0.12182150700004968	1
11887	3	4	0.00001378502717	0.8151	0.81167	0.7331752689999281	0.0	0.08192473100007192	1
11887	3	5	0.00002033404027	0.60402	0.77924	0.5291976319999863	0.0	0.07482236800001374	1
11888	3	1	0.00001114041771	5.251390000000001	0.0	5.165628221000006	0.0	0.08576177899999493	1
11888	3	2	0.0000100188113	2.35651	0.0	2.3075394619999514	0.0	0.04897053800004869	1
11888	3	3	0.00001035135364	1.2181600000000001	0.0	1.1747753530000749	0.0	0.04338464699992528	1
11888	3	4	0.00001183752328	0.69825	0.0	0.664600127999931	0.0	0.03364987200006908	1
11888	3	5	0.0000171813673	0.50944	0.0	0.4713074060000103	0.0	0.038132593999989695	1
11889	3	1	0.00001025593678	4.826840000000001	0.0	4.741275687999913	0.0	0.08556431200008774	1
11889	3	2	0.00000960718548	2.25772	0.0	2.2124290930000194	0.0	0.04529090699998051	1
11889	3	3	0.00000917676795	1.07721	0.0	1.0301520829999253	0.0	0.04705791700007467	1
11889	3	4	0.0000111818553	0.65891	0.0	0.6162705330001556	0.0	0.042639466999844444	1
11889	3	5	0.0000158813647	0.47044	0.0	0.43186129600002593	0.0	0.038578703999974095	1
11890	3	1	0.00001051997897	4.95358	0.0	4.716625089000115	0.0	0.2369549109998843	1
11890	3	2	0.00000977126914	2.2971	0.0	2.2402261579998135	0.0	0.056873842000186414	1
11890	3	3	0.00000937760169	1.10131	0.0	1.0532945909999276	0.0	0.048015409000072395	1
11890	3	4	0.00001127402215	0.66444	0.0	0.6220789839999138	0.0	0.04236101600008624	1
11890	3	5	0.00001555269737	0.46058	0.0	0.42756431799995887	0.0	0.033015682000041124	1
11891	3	1	0.00001030256187	4.849220000000001	0.0	4.742323930000053	0.0	0.10689606999994794	1
11891	3	2	0.00000940614341	2.20947	0.0	2.1493750970000645	0.0	0.060094902999935584	1
11891	3	3	0.0000096477689	1.1337300000000001	0.0	1.0855968020000406	0.0	0.04813319799995952	1
11891	3	4	0.00001187869002	0.70072	0.0	0.6589467039997987	0.0	0.0417732960002013	1
11891	3	5	0.00001624336542	0.4813	0.0	0.4463341369999751	0.0	0.03496586300002491	1
11892	3	1	0.00001021127002	4.8054	0.0	4.707687506999982	0.0	0.09771249300001728	1
11892	3	2	0.00000970931069	2.28223	0.0	2.2265151290000365	0.0	0.05571487099996375	1
11892	3	3	0.00000921110136	1.08133	0.0	1.04010172400003	0.0	0.04122827599996981	1
11892	3	4	0.00001110302181	0.65418	0.0	0.6130314050001322	0.0	0.04114859499986778	1
11892	3	5	0.00001600336494	0.4741	0.0	0.43301239399998087	0.0	0.04108760600001915	1
11893	3	1	0.00001029054101	4.84345	0.0	4.742742076999927	0.0	0.1007079230000727	1
11893	3	2	0.00000954597703	2.24303	0.0	2.1982574729999227	0.0	0.04477252700007739	1
11893	3	3	0.00000976476913	1.14777	0.0	1.096536599999999	0.0	0.051233400000000984	1
11893	3	4	0.00001133768894	0.66826	0.0	0.6292449349999422	0.0	0.0390150650000578	1
11893	3	5	0.00001656336606	0.4909	0.0	0.45206980599981617	0.0	0.03883019400018384	1
11894	3	1	0.00000925912228	4.34837	0.0	4.268968465000012	0.0	0.07940153499998814	1
11894	3	2	0.00000860410014	2.01698	0.0	1.9559564570000807	0.0	0.0610235429999193	1
11894	3	3	0.00000893093413	1.0477100000000001	0.0	1.0045098039999567	0.0	0.043200196000043434	1
11894	3	4	0.00000982451925	0.57747	0.0	0.5358619740000511	0.0	0.04160802599994895	1
11894	3	5	0.00001519903	0.44997000000000004	0.0	0.4051435029999691	0.0	0.04482649700003094	1
11895	3	1	0.00000940635175	4.41904	0.0	4.314710516999871	0.0	0.10432948300012868	1
11895	3	2	0.00000832151624	1.9491600000000002	0.0	1.8884738479999836	0.0	0.06068615200001659	1
11895	3	3	0.00000923601807	1.08432	0.0	1.0221046260000524	0.0	0.06221537399994759	1
11895	3	4	0.00001022802006	0.60168	0.0	0.5611748450001084	0.0	0.0405051549998916	1
11895	3	5	0.00001512469652	0.44774	0.0	0.40870749500020453	0.0	0.03903250499979549	1
11896	3	1	0.00000933683077	4.38567	0.0	4.284576830999977	0.0	0.10109316900002341	1
11896	3	2	0.00000813993255	1.90558	0.0	1.856128809999873	0.0	0.0494511900001271	1
11896	3	3	0.00000887093401	1.04051	0.0	0.9969961630000224	0.0	0.043513836999977684	1
11896	3	4	0.00001032118691	0.60727	0.0	0.5636646939999823	0.0	0.04360530600001766	1
11896	3	5	0.00001479969587	0.43799000000000005	0.0	0.39946156500001073	0.0	0.03852843499998926	1
11897	4	1	0.00000355904838	1.6123399999999999	0.0	0.02009307799958674	1.4906105140003092	0.10163640800010398	1
11897	4	2	0.00000340675641	0.76962	0.7847500000000001	0.005018241999973839	0.700159173999964	0.0644425840000622	1
11897	4	3	0.00000471450903	0.54174	0.81362	0.004451583000100299	0.48421566799993343	0.05307274899996628	1
11897	4	4	0.00000960901882	0.5645399999999999	0.8096599999999999	0.005593219000195859	0.5124541169998338	0.04649266399997032	1
11897	4	5	0.00002033104026	0.60393	0.66612	0.004573671000352647	0.5527892809996047	0.04656704800004263	1

#<bucket_range_id> <size1_gb> <size2_gb> <cost_per_gb>
1	0	51200	0.0405
2	51200	460800	0.0390
3	460800	99999999999999	0.0370
