#<#tasks> <#config> <#data> <#vms> <#buckets> <#bucket_ranges> <max_running_time> <max_financial_cost>
46	5	140	5	1	3	416.91965850704827	0.00674965009777

#<task_id> <activity_id> <task_type__0-VM__1-VM_FX> <vm_cpu_time> <n_input> [<id_input>...] <n_output> [<id_output>...]
1	1	1	0.007328403997235	1	[1]	1	[2]
2	1	1	0.03493786009494215	1	[3]	1	[4]
23	1	1	0.04403141303919256	1	[19]	1	[20]
24	1	1	0.01572082203347236	1	[21]	1	[22]
25	1	1	0.05226271599531174	1	[23]	1	[24]
26	1	1	0.06607621104922146	1	[25]	1	[26]
27	1	1	0.03484947991091758	1	[27]	1	[28]
28	1	1	0.04776378604583442	1	[29]	1	[30]
29	1	1	0.0332158450037241	1	[31]	1	[32]
30	1	1	0.056590622989460826	1	[33]	1	[34]
731	1	1	0.03229336009826511	1	[120]	1	[121]
732	1	1	0.0182969270972535	1	[122]	1	[123]
733	1	1	0.02130929008126259	1	[124]	1	[125]
734	1	1	0.025489090010523796	1	[126]	1	[127]
735	1	1	0.09382326493505388	1	[128]	1	[129]
9	2	1	0.001185268978588283	1	[2]	3	[5,6,7]
10	2	1	0.003765437053516507	1	[4]	8	[8,9,10,11,12,13,14,15]
33	2	1	0.003254922921769321	1	[20]	7	[35,36,37,38,39,40,41]
34	2	1	0.0019109200220555067	1	[22]	6	[42,43,44,45,46,47]
35	2	1	0.0028163220267742872	1	[24]	7	[48,49,50,51,52,53,54]
36	2	1	0.0022644810378551483	1	[26]	7	[55,56,57,58,59,60,61]
37	2	1	0.002964551909826696	1	[28]	8	[62,63,64,65,66,67,68,69]
38	2	1	0.0031338490080088377	1	[30]	7	[70,71,72,73,74,75,76]
39	2	1	0.0018943320028483868	1	[32]	6	[77,78,79,80,81,82]
40	2	1	0.0024832829367369413	1	[34]	7	[83,84,85,86,87,88,89]
751	2	1	0.002151898923330009	1	[121]	6	[140,141,142,143,144,145]
752	2	1	0.0023496259236708283	1	[123]	6	[146,147,148,149,150,151]
753	2	1	0.0018507209606468678	1	[125]	5	[152,153,154,155,156]
754	2	1	0.002333540003746748	1	[127]	6	[157,158,159,160,161,162]
755	2	1	0.0018722290406003594	1	[129]	5	[163,164,165,166,167]
1948	3	1	0.14978614693973213	94	[5,6,7,8,9,10,11,12,13,14,15,35,36,37,38,39,40,41,42,43,44,45,46,47,48,49,50,51,52,53,54,55,56,57,58,59,60,61,62,63,64,65,66,67,68,69,70,71,72,73,74,75,76,77,78,79,80,81,82,83,84,85,86,87,88,89,140,141,142,143,144,145,146,147,148,149,150,151,152,153,154,155,156,157,158,159,160,161,162,163,164,165,166,167]	1	[16]
1949	3	1	0.4980418450431898	94	[5,6,7,8,9,10,11,12,13,14,15,35,36,37,38,39,40,41,42,43,44,45,46,47,48,49,50,51,52,53,54,55,56,57,58,59,60,61,62,63,64,65,66,67,68,69,70,71,72,73,74,75,76,77,78,79,80,81,82,83,84,85,86,87,88,89,140,141,142,143,144,145,146,147,148,149,150,151,152,153,154,155,156,157,158,159,160,161,162,163,164,165,166,167]	1	[90]
1950	3	1	0.4965381590882316	94	[5,6,7,8,9,10,11,12,13,14,15,35,36,37,38,39,40,41,42,43,44,45,46,47,48,49,50,51,52,53,54,55,56,57,58,59,60,61,62,63,64,65,66,67,68,69,70,71,72,73,74,75,76,77,78,79,80,81,82,83,84,85,86,87,88,89,140,141,142,143,144,145,146,147,148,149,150,151,152,153,154,155,156,157,158,159,160,161,162,163,164,165,166,167]	1	[95]
1951	3	1	0.3764597399858758	94	[5,6,7,8,9,10,11,12,13,14,15,35,36,37,38,39,40,41,42,43,44,45,46,47,48,49,50,51,52,53,54,55,56,57,58,59,60,61,62,63,64,65,66,67,68,69,70,71,72,73,74,75,76,77,78,79,80,81,82,83,84,85,86,87,88,89,140,141,142,143,144,145,146,147,148,149,150,151,152,153,154,155,156,157,158,159,160,161,162,163,164,165,166,167]	1	[91]
1952	3	1	0.3861942619550973	94	[5,6,7,8,9,10,11,12,13,14,15,35,36,37,38,39,40,41,42,43,44,45,46,47,48,49,50,51,52,53,54,55,56,57,58,59,60,61,62,63,64,65,66,67,68,69,70,71,72,73,74,75,76,77,78,79,80,81,82,83,84,85,86,87,88,89,140,141,142,143,144,145,146,147,148,149,150,151,152,153,154,155,156,157,158,159,160,161,162,163,164,165,166,167]	1	[93]
1953	3	1	0.3673580650938675	94	[5,6,7,8,9,10,11,12,13,14,15,35,36,37,38,39,40,41,42,43,44,45,46,47,48,49,50,51,52,53,54,55,56,57,58,59,60,61,62,63,64,65,66,67,68,69,70,71,72,73,74,75,76,77,78,79,80,81,82,83,84,85,86,87,88,89,140,141,142,143,144,145,146,147,148,149,150,151,152,153,154,155,156,157,158,159,160,161,162,163,164,165,166,167]	1	[94]
1954	3	1	0.3752700339537114	94	[5,6,7,8,9,10,11,12,13,14,15,35,36,37,38,39,40,41,42,43,44,45,46,47,48,49,50,51,52,53,54,55,56,57,58,59,60,61,62,63,64,65,66,67,68,69,70,71,72,73,74,75,76,77,78,79,80,81,82,83,84,85,86,87,88,89,140,141,142,143,144,145,146,147,148,149,150,151,152,153,154,155,156,157,158,159,160,161,162,163,164,165,166,167]	1	[96]
1955	3	1	0.3188037589425221	94	[5,6,7,8,9,10,11,12,13,14,15,35,36,37,38,39,40,41,42,43,44,45,46,47,48,49,50,51,52,53,54,55,56,57,58,59,60,61,62,63,64,65,66,67,68,69,70,71,72,73,74,75,76,77,78,79,80,81,82,83,84,85,86,87,88,89,140,141,142,143,144,145,146,147,148,149,150,151,152,153,154,155,156,157,158,159,160,161,162,163,164,165,166,167]	1	[97]
1956	3	1	0.4021508889272809	94	[5,6,7,8,9,10,11,12,13,14,15,35,36,37,38,39,40,41,42,43,44,45,46,47,48,49,50,51,52,53,54,55,56,57,58,59,60,61,62,63,64,65,66,67,68,69,70,71,72,73,74,75,76,77,78,79,80,81,82,83,84,85,86,87,88,89,140,141,142,143,144,145,146,147,148,149,150,151,152,153,154,155,156,157,158,159,160,161,162,163,164,165,166,167]	1	[98]
1957	3	1	0.30839868902694434	94	[5,6,7,8,9,10,11,12,13,14,15,35,36,37,38,39,40,41,42,43,44,45,46,47,48,49,50,51,52,53,54,55,56,57,58,59,60,61,62,63,64,65,66,67,68,69,70,71,72,73,74,75,76,77,78,79,80,81,82,83,84,85,86,87,88,89,140,141,142,143,144,145,146,147,148,149,150,151,152,153,154,155,156,157,158,159,160,161,162,163,164,165,166,167]	1	[92]
1958	3	1	0.30628811090718955	94	[5,6,7,8,9,10,11,12,13,14,15,35,36,37,38,39,40,41,42,43,44,45,46,47,48,49,50,51,52,53,54,55,56,57,58,59,60,61,62,63,64,65,66,67,68,69,70,71,72,73,74,75,76,77,78,79,80,81,82,83,84,85,86,87,88,89,140,141,142,143,144,145,146,147,148,149,150,151,152,153,154,155,156,157,158,159,160,161,162,163,164,165,166,167]	1	[193]
1959	3	1	0.34438829391729087	94	[5,6,7,8,9,10,11,12,13,14,15,35,36,37,38,39,40,41,42,43,44,45,46,47,48,49,50,51,52,53,54,55,56,57,58,59,60,61,62,63,64,65,66,67,68,69,70,71,72,73,74,75,76,77,78,79,80,81,82,83,84,85,86,87,88,89,140,141,142,143,144,145,146,147,148,149,150,151,152,153,154,155,156,157,158,159,160,161,162,163,164,165,166,167]	1	[194]
1960	3	1	0.2609781629871577	94	[5,6,7,8,9,10,11,12,13,14,15,35,36,37,38,39,40,41,42,43,44,45,46,47,48,49,50,51,52,53,54,55,56,57,58,59,60,61,62,63,64,65,66,67,68,69,70,71,72,73,74,75,76,77,78,79,80,81,82,83,84,85,86,87,88,89,140,141,142,143,144,145,146,147,148,149,150,151,152,153,154,155,156,157,158,159,160,161,162,163,164,165,166,167]	1	[195]
1961	3	1	0.330640856991522	94	[5,6,7,8,9,10,11,12,13,14,15,35,36,37,38,39,40,41,42,43,44,45,46,47,48,49,50,51,52,53,54,55,56,57,58,59,60,61,62,63,64,65,66,67,68,69,70,71,72,73,74,75,76,77,78,79,80,81,82,83,84,85,86,87,88,89,140,141,142,143,144,145,146,147,148,149,150,151,152,153,154,155,156,157,158,159,160,161,162,163,164,165,166,167]	1	[196]
1962	3	1	0.2625473509542644	94	[5,6,7,8,9,10,11,12,13,14,15,35,36,37,38,39,40,41,42,43,44,45,46,47,48,49,50,51,52,53,54,55,56,57,58,59,60,61,62,63,64,65,66,67,68,69,70,71,72,73,74,75,76,77,78,79,80,81,82,83,84,85,86,87,88,89,140,141,142,143,144,145,146,147,148,149,150,151,152,153,154,155,156,157,158,159,160,161,162,163,164,165,166,167]	1	[197]
1963	4	1	0.0007983670802786946	15	[16,90,91,92,93,94,95,96,97,98,193,194,195,196,197]	1	[1273]

#<data_id> <data_size> <read_time_avg> <write_time_avg> <is_static> <n_source_devices> [<device_id>...]
1	1662	0.14865493239999525	None	1	1	[denethor_bucket]
2	339	0.1306164860000308	0.05234270279995599	0	0	[denethor_bucket]
3	2666	0.07098811879998267	None	1	1	[denethor_bucket]
4	640	0.06224560660000407	0.0522226475999787	0	0	[denethor_bucket]
5	185	0.12211223768817826	0.04796959620000507	0	0	[denethor_bucket]
6	185	0.12211223768817826	0.04781924740004797	0	0	[denethor_bucket]
7	339	0.12776875167474624	0.04576482420000048	0	0	[denethor_bucket]
8	187	0.12211223768817826	0.04421797220004464	0	0	[denethor_bucket]
9	245	0.12317064854079139	0.03915865219998978	0	0	[denethor_bucket]
10	301	0.12776875167474624	0.05041598039999826	0	0	[denethor_bucket]
11	191	0.12211223768817826	0.04712404239999159	0	0	[denethor_bucket]
12	421	0.11984930817943595	0.04977885280002283	0	0	[denethor_bucket]
13	481	0.11984930817943595	0.049570215600033406	0	0	[denethor_bucket]
14	539	0.1297431537769124	0.04533169219998854	0	0	[denethor_bucket]
15	640	0.1297431537769124	0.04512531799994122	0	0	[denethor_bucket]
16	185	0.18841714859995023	0.1313501535999933	0	0	[denethor_bucket]
19	3358	0.060927975999970845	None	1	1	[denethor_bucket]
20	595	0.05274464939996051	0.05030232299998261	0	0	[denethor_bucket]
21	2439	0.06451156900004662	None	1	1	[denethor_bucket]
22	521	0.05429291400000693	0.04680582740006685	0	0	[denethor_bucket]
23	3213	0.06628494379999665	None	1	1	[denethor_bucket]
24	581	0.05763605440004085	0.05070939499998985	0	0	[denethor_bucket]
25	3265	0.07137444039997264	None	1	1	[denethor_bucket]
26	567	0.06481564559999242	0.05663604060005128	0	0	[denethor_bucket]
27	2666	0.0662114590000101	None	1	1	[denethor_bucket]
28	640	0.05803243499997279	0.05098634340004082	0	0	[denethor_bucket]
29	3224	0.06838101260000258	None	1	1	[denethor_bucket]
30	575	0.0486361332000115	0.04971823560003941	0	0	[denethor_bucket]
31	2771	0.06935299899996608	None	1	1	[denethor_bucket]
32	511	0.062434601799964184	0.046933399799991095	0	0	[denethor_bucket]
33	2627	0.06440640800001347	None	1	1	[denethor_bucket]
34	563	0.06817393240000912	0.04600641399995311	0	0	[denethor_bucket]
35	187	0.12211223768817826	0.04625682320001943	0	0	[denethor_bucket]
36	245	0.12317064854079139	0.04616790459997446	0	0	[denethor_bucket]
37	309	0.12776875167474624	0.042743216000030775	0	0	[denethor_bucket]
38	199	0.12211223768817826	0.04898600480000823	0	0	[denethor_bucket]
39	367	0.12776875167474624	0.044220248000010544	0	0	[denethor_bucket]
40	187	0.12211223768817826	0.05178784739996445	0	0	[denethor_bucket]
41	595	0.1297431537769124	0.05276062199998251	0	0	[denethor_bucket]
42	185	0.12211223768817826	0.046358745800012	0	0	[denethor_bucket]
43	249	0.12317064854079139	0.04711607040001127	0	0	[denethor_bucket]
44	187	0.12211223768817826	0.04586492500004624	0	0	[denethor_bucket]
45	305	0.12776875167474624	0.0522501166000211	0	0	[denethor_bucket]
46	187	0.12211223768817826	0.042560913200031796	0	0	[denethor_bucket]
47	521	0.1297431537769124	0.04860194360003334	0	0	[denethor_bucket]
48	187	0.12211223768817826	0.04457288820001395	0	0	[denethor_bucket]
49	191	0.12211223768817826	0.045576265399995465	0	0	[denethor_bucket]
50	243	0.12317064854079139	0.04277480219996051	0	0	[denethor_bucket]
51	363	0.12776875167474624	0.04810566279998057	0	0	[denethor_bucket]
52	421	0.11984930817943595	0.04348752380003589	0	0	[denethor_bucket]
53	191	0.12211223768817826	0.04580688739999914	0	0	[denethor_bucket]
54	581	0.1297431537769124	0.04847956439996324	0	0	[denethor_bucket]
55	187	0.12211223768817826	0.04842046960000062	0	0	[denethor_bucket]
56	187	0.12211223768817826	0.044165573999976004	0	0	[denethor_bucket]
57	183	0.12211223768817826	0.04536901199999193	0	0	[denethor_bucket]
58	239	0.12317064854079139	0.05083526359996995	0	0	[denethor_bucket]
59	355	0.12776875167474624	0.03964152240000658	0	0	[denethor_bucket]
60	243	0.12317064854079139	0.04369097199996759	0	0	[denethor_bucket]
61	567	0.1297431537769124	0.04621388280002066	0	0	[denethor_bucket]
62	187	0.12211223768817826	0.04703780759998608	0	0	[denethor_bucket]
63	245	0.12317064854079139	0.04740018579996104	0	0	[denethor_bucket]
64	301	0.12776875167474624	0.04548629539997364	0	0	[denethor_bucket]
65	191	0.12211223768817826	0.04875717100001111	0	0	[denethor_bucket]
66	421	0.11984930817943595	0.04324396939996405	0	0	[denethor_bucket]
67	481	0.11984930817943595	0.04751867960001164	0	0	[denethor_bucket]
68	539	0.1297431537769124	0.04937323380006547	0	0	[denethor_bucket]
69	640	0.1297431537769124	0.04731734019994747	0	0	[denethor_bucket]
70	187	0.12211223768817826	0.04789457859994855	0	0	[denethor_bucket]
71	243	0.12317064854079139	0.04939483800001199	0	0	[denethor_bucket]
72	299	0.12317064854079139	0.04671818480003367	0	0	[denethor_bucket]
73	187	0.12211223768817826	0.048350571800028774	0	0	[denethor_bucket]
74	183	0.12211223768817826	0.04953405760004444	0	0	[denethor_bucket]
75	415	0.11984930817943595	0.05186473640003442	0	0	[denethor_bucket]
76	575	0.1297431537769124	0.04638242459991489	0	0	[denethor_bucket]
77	187	0.12211223768817826	0.04414644500002396	0	0	[denethor_bucket]
78	183	0.12211223768817826	0.04971581419999893	0	0	[denethor_bucket]
79	299	0.12317064854079139	0.05344382779996977	0	0	[denethor_bucket]
80	357	0.12776875167474624	0.041349064399969396	0	0	[denethor_bucket]
81	185	0.12211223768817826	0.04939083219999248	0	0	[denethor_bucket]
82	511	0.1297431537769124	0.04563760499997898	0	0	[denethor_bucket]
83	183	0.12211223768817826	0.05074157139993076	0	0	[denethor_bucket]
84	239	0.12317064854079139	0.05057580940003845	0	0	[denethor_bucket]
85	183	0.12211223768817826	0.045797610399949916	0	0	[denethor_bucket]
86	297	0.12317064854079139	0.04932382440003948	0	0	[denethor_bucket]
87	353	0.12776875167474624	0.04654554620005911	0	0	[denethor_bucket]
88	465	0.11984930817943595	0.04575161659997775	0	0	[denethor_bucket]
89	563	0.1297431537769124	0.04796878439997272	0	0	[denethor_bucket]
90	5180	0.06710060819994511	0.09737647839993997	0	0	[denethor_bucket]
91	355	0.07132700339991516	0.09515353039997763	0	0	[denethor_bucket]
92	314	0.07634030559997314	0.08842268419996345	0	0	[denethor_bucket]
93	355	0.06667449820001821	0.09706303440001421	0	0	[denethor_bucket]
94	355	0.08910013620002814	0.087297550400001	0	0	[denethor_bucket]
95	5134	0.06789590819991531	0.08846530020008458	0	0	[denethor_bucket]
96	355	0.07159717239997576	0.10159780279998358	0	0	[denethor_bucket]
97	314	0.08509351099995115	0.0881518880000499	0	0	[denethor_bucket]
98	355	0.06772833899998432	0.09279876119992424	0	0	[denethor_bucket]
120	3233	0.06339600819994758	None	1	1	[denethor_bucket]
121	527	0.056340195600023436	0.049508859199977454	0	0	[denethor_bucket]
122	1865	0.08010246539993204	None	1	1	[denethor_bucket]
123	514	0.0537079402000245	0.048735996799973695	0	0	[denethor_bucket]
124	2258	0.06855237119998492	None	1	1	[denethor_bucket]
125	453	0.051749477599992134	0.05358895119998124	0	0	[denethor_bucket]
126	4105	0.06541405119999126	None	1	1	[denethor_bucket]
127	515	0.05230944120005461	0.05007344939999712	0	0	[denethor_bucket]
128	4715	0.06245546620002642	None	1	1	[denethor_bucket]
129	465	0.05564135479999095	0.054138537200014984	0	0	[denethor_bucket]
140	185	0.12211223768817826	0.047169994800060525	0	0	[denethor_bucket]
141	199	0.12211223768817826	0.045681418599974676	0	0	[denethor_bucket]
142	185	0.12211223768817826	0.04643627579996519	0	0	[denethor_bucket]
143	187	0.12211223768817826	0.04792974099996172	0	0	[denethor_bucket]
144	313	0.12776875167474624	0.05018322060002447	0	0	[denethor_bucket]
145	527	0.1297431537769124	0.05051508919998469	0	0	[denethor_bucket]
146	185	0.12211223768817826	0.047081131200002346	0	0	[denethor_bucket]
147	183	0.12211223768817826	0.04751937900000485	0	0	[denethor_bucket]
148	297	0.12317064854079139	0.0522263758000463	0	0	[denethor_bucket]
149	355	0.12776875167474624	0.05168917060002514	0	0	[denethor_bucket]
150	413	0.11984930817943595	0.10826226760002555	0	0	[denethor_bucket]
151	513	0.1297431537769124	0.04532682300005036	0	0	[denethor_bucket]
152	185	0.12211223768817826	0.0476705009999705	0	0	[denethor_bucket]
153	243	0.12317064854079139	0.04912088639998729	0	0	[denethor_bucket]
154	299	0.12317064854079139	0.05109973820001414	0	0	[denethor_bucket]
155	185	0.12211223768817826	0.050374941399945784	0	0	[denethor_bucket]
156	453	0.11984930817943595	0.042140674200072684	0	0	[denethor_bucket]
157	185	0.12211223768817826	0.04581356319997667	0	0	[denethor_bucket]
158	249	0.12317064854079139	0.047047740599987266	0	0	[denethor_bucket]
159	305	0.12776875167474624	0.05045163680003952	0	0	[denethor_bucket]
160	363	0.12776875167474624	0.04329993759997706	0	0	[denethor_bucket]
161	183	0.12211223768817826	0.044993581199946675	0	0	[denethor_bucket]
162	515	0.1297431537769124	0.04599286220000067	0	0	[denethor_bucket]
163	187	0.12211223768817826	0.05062103519996981	0	0	[denethor_bucket]
164	243	0.12317064854079139	0.04897711379996963	0	0	[denethor_bucket]
165	187	0.12211223768817826	0.04076501219992679	0	0	[denethor_bucket]
166	307	0.12776875167474624	0.050978529200051526	0	0	[denethor_bucket]
167	465	0.11984930817943595	0.05218325340003958	0	0	[denethor_bucket]
193	314	0.07150757799989833	0.09285016799999539	0	0	[denethor_bucket]
194	314	0.06322225679992925	0.08909938839990446	0	0	[denethor_bucket]
195	273	0.0721998097998835	0.09199046079996834	0	0	[denethor_bucket]
196	314	0.06652008560006947	0.08802506560003849	0	0	[denethor_bucket]
197	273	0.06808270599997286	0.09491193220002288	0	0	[denethor_bucket]
1273	13935	None	0.071041163000001	0	0	[denethor_bucket]

#<vm_id> <cpu_slowdown> <cost_per_second> <storage_mb> <bandwidth_mbps>
1	1.00000	0.0000051670	8192	1250
2	0.50000	0.0000206670	8192	1250
3	0.25000	0.0000826720	8192	5000
4	0.12500	0.0001653330	8192	5000
5	0.03125	0.0006800000	8192	12500

#<task_id> <activity_id> <conf_id> <task_cost> <task_time_duration> <task_time_init> <task_time_cpu> <task_time_read> <task_time_write> <task_count>
1	1	1	0.00000126041879	0.509	0.0	0.16392104500003735	0.26699490900000455	0.07808404599995811	1
1	1	2	0.00000200608695	0.43346	0.8261900000000001	0.21010286499998523	0.16792454400001589	0.055432590999998865	1
1	1	3	0.00000294250549	0.3291	0.86405	0.15716937900011238	0.12787088699997184	0.04405973399991581	1
1	1	4	0.00000462984219	0.26579	0.87958	0.13949329800000948	0.08412197500001639	0.042174726999974155	1
1	1	5	0.00000892568412	0.26177	0.89037	0.1234452370000995	0.09636234699996749	0.041962415999933	1
2	1	1	0.00000199989943	0.8639500000000001	0.0	0.6626658240002828	0.12219216699986646	0.0790920089998508	1
2	1	2	0.00000197621189	0.42629	0.0	0.31605469800013547	0.05269871999985298	0.05753658200001155	1
2	1	3	0.00000285275531	0.31833	0.0	0.207510615999976	0.06803639099996417	0.04278299300005983	1
2	1	4	0.00000426800814	0.24408000000000002	0.0	0.16183730199992724	0.04450167100003455	0.03774102700003823	1
2	1	5	0.00000886901734	0.26007	0.0	0.14859772799987178	0.06751164500019513	0.04396062699993308	1
9	2	1	0.00000127073131	0.51395	0.0	0.1427493400002279	0.18860096999992493	0.18259968999984721	1
9	2	2	0.00000206154539	0.44677	0.84354	0.12254066699982423	0.16393450200007464	0.1602948310001011	1
9	2	3	0.00000318417264	0.35810000000000003	0.93732	0.10618660999997304	0.12670238100008646	0.12521100899994053	1
9	2	4	0.00000565951092	0.32757	0.7545700000000001	0.1057660679999429	0.08738866600003803	0.13441526600001907	1
9	2	5	0.00001010701981	0.29721	0.74852	0.1055065459996103	0.08645591100003003	0.10524754300035966	1
10	2	1	0.00000178287817	0.75978	0.0	0.15927175900005683	0.11892010999997638	0.4815881309999668	1
10	2	2	0.00000260687981	0.57765	0.0	0.10606361099967797	0.04787205799993899	0.423714331000383	1
10	2	3	0.00000419784133	0.47974	0.0	0.10650222400000371	0.0500318540000535	0.3232059219999428	1
10	2	4	0.00000835618298	0.48937	0.0	0.10571722100006913	0.04927902400004314	0.33437375499988775	1
10	2	5	0.00001491736277	0.44151999999999997	0.0	0.10566352300012068	0.04512498700000833	0.290731489999871	1
23	1	1	0.00000225279577	0.9853400000000001	0.0	0.7972081129999459	0.10445860999993783	0.08367327700011629	1
23	1	2	0.00000197517022	0.42604000000000003	0.0	0.32508948200023685	0.05864138199990521	0.04230913599985797	1
23	1	3	0.00000279700519	0.31164	0.0	0.21158793500000014	0.05436308100001952	0.04568898399998034	1
23	1	4	0.00000452234198	0.25933999999999996	0.0	0.17568983700009796	0.045901380999907815	0.03774878199999421	1
23	1	5	0.00000814768256	0.23843	0.0	0.15506313799995194	0.041275426000083826	0.04209143599996423	1
24	1	1	0.00000129616886	0.52616	0.0	0.34498171999995986	0.10462634700002127	0.07655193300001883	1
24	1	2	0.00000122604372	0.24625	0.0	0.1537886949998574	0.05299865000006321	0.039462655000079394	1
24	1	3	0.00000213167053	0.2318	0.0	0.13408192699999	0.0536896800000477	0.04402839299996231	1
24	1	4	0.00000396734087	0.22604	0.0	0.1200224659998976	0.06949796200001401	0.036519572000088374	1
24	1	5	0.00000687668002	0.2003	0.0	0.12108820999972779	0.04174520600008691	0.03746658400018532	1
25	1	1	0.00000244333782	1.0768	0.0	0.8848852069999764	0.10401431900004354	0.08790047399998002	1
25	1	2	0.00000231404589	0.50737	0.0	0.4071352220000418	0.05430735100003403	0.04592742699992414	1
25	1	3	0.00000311125582	0.34935000000000005	0.0	0.2543576969999737	0.05419061200007036	0.04080169099995601	1
25	1	4	0.0000049843429	0.28706	0.0	0.2017191629998966	0.04850863000001482	0.0368322070000886	1
25	1	5	0.00000931968491	0.27359	0.0	0.16110101700017895	0.07040380699982052	0.0420851760000005	1
26	1	1	0.00000296194302	1.32573	0.0	1.1237428369999876	0.1234083639999426	0.07857879900006992	1
26	1	2	0.00000265329657	0.5887899999999999	0.0	0.4871974119998695	0.04469918700010567	0.056893401000024824	1
26	1	3	0.00000368900698	0.41868	0.0	0.30225171199993445	0.05258413000001383	0.06384415800005172	1
26	1	4	0.00000561251082	0.32475	0.0	0.2198873679999506	0.0655588939999916	0.03930373800005782	1
26	1	5	0.00001006368639	0.29591	0.0	0.1807282660001385	0.07062162699980945	0.044560107000052085	1
27	1	1	0.00000203954535	0.88298	0.0	0.6625585929997692	0.13461537300008786	0.08580603400014297	1
27	1	2	0.000001867545	0.40021	0.0	0.3076486350000623	0.03872431500008133	0.05383704999985639	1
27	1	3	0.00000265850492	0.29502	0.0	0.20829884500003618	0.0442139629999474	0.0425071920000164	1
27	1	4	0.00000412667452	0.2356	0.0	0.16954692000003943	0.03396231399995031	0.03209076600001026	1
27	1	5	0.00000893701747	0.26211	0.0	0.14187799499983828	0.07954132999998365	0.04069067500017809	1
28	1	1	0.00000240498358	1.0583900000000002	0.0	0.8572514840000993	0.11752990899981341	0.08360860700008743	1
28	1	2	0.00000227925416	0.49902	0.0	0.3688826899999908	0.0828307209999366	0.04730658900007256	1
28	1	3	0.00000302608899	0.33913	0.0	0.24046121599990317	0.056806223000080536	0.041862561000016285	1
28	1	4	0.00000475750911	0.27344999999999997	0.0	0.19254814899997855	0.04522153499999604	0.035680316000025414	1
28	1	5	0.00000809468246	0.23684	0.0	0.15719021999981836	0.039516675000186297	0.04013310499999534	1
29	1	1	0.00000189771173	0.8149	0.0	0.6213326010000968	0.1141037709999182	0.07946362799998496	1
29	1	2	0.00000191008675	0.41042	0.0	0.2984803580003026	0.06457629399983489	0.047363347999862526	1
29	1	3	0.00000270725501	0.30087	0.0	0.19504770000000018	0.06766768099998899	0.038154619000010825	1
29	1	4	0.00000420250801	0.24015	0.0	0.15482224999996688	0.04887534900001356	0.03645240100001956	1
29	1	5	0.00000755601471	0.22068000000000002	0.0	0.13590509699984768	0.05154190000007475	0.03323300300007759	1
30	1	1	0.00000272358838	1.21132	0.0	1.02963423299991	0.11873980100017434	0.06294596599991564	1
30	1	2	0.00000241942111	0.53266	0.0	0.42839805000009085	0.06469112499985386	0.039570825000055265	1
30	1	3	0.00000338025636	0.38163	0.0	0.2788692010001613	0.05686165399993115	0.04589914499990755	1
30	1	4	0.00000479417585	0.27565	0.0	0.1957119270000061	0.036888584000053015	0.04304948899994088	1
30	1	5	0.00000872401705	0.25572	0.0	0.1723024789999988	0.044850876000054996	0.03856664499994622	1
33	2	1	0.00000166058625	0.70108	0.0	0.10533967999976823	0.09138328899996395	0.5043570310002679	1
33	2	2	0.00000227975416	0.49914	0.0	0.11813484900004607	0.04193235499997172	0.3390727959999822	1
33	2	3	0.0000037343404	0.42412	0.0	0.10572372300030759	0.04386914999986402	0.2745271269998284	1
33	2	4	0.0000074005144	0.43202999999999997	0.0	0.10493401099990046	0.04829065800004173	0.2788053310000578	1
33	2	5	0.0000139000274	0.41100000000000003	0.0	0.10490116000022318	0.038247794999961116	0.2678510449998157	1
34	2	1	0.00000156200272	0.65376	0.0	0.11085596899985171	0.09307721100003619	0.4498268200001121	1
34	2	2	0.0000019517535	0.42042	0.0	0.10543118999984102	0.04856137799993121	0.2664274320002278	1
34	2	3	0.00000339167305	0.383	0.0	0.10559369699963828	0.04670624499999576	0.23070005800036597	1
34	2	4	0.00000671351303	0.39081	0.0	0.10482205099994059	0.04312468600005559	0.24286326300000383	1
34	2	5	0.00001249035791	0.36871	0.0	0.10476894999991504	0.03999505000001591	0.22394600000006903	1
35	2	1	0.00000162735702	0.68513	0.0	0.11484090999981243	0.08451136999997289	0.4857777200002147	1
35	2	2	0.00000219000398	0.4776	0.0	0.1055019599999174	0.050869629000089844	0.3212284109999928	1
35	2	3	0.00000366342359	0.41561000000000003	0.0	0.10579894900045782	0.04417746900003294	0.26563358199950926	1
35	2	4	0.0000076141815	0.44485	0.0	0.10482636700012665	0.058480133999978534	0.28154349899989484	1
35	2	5	0.00001335735965	0.39472	0.0	0.10474357099973781	0.050141670000130034	0.23983475900013218	1
36	2	1	0.00000159106528	0.66771	0.0	0.12086751999987701	0.08691661000000295	0.4599258700001201	1
36	2	2	0.00000223237906	0.48777	0.0	0.10544971400036002	0.05877966200000628	0.3235406239996337	1
36	2	3	0.00000399192425	0.45503	0.0	0.1057499240002137	0.0905304000000342	0.25874967599975207	1
36	2	4	0.00000731551423	0.42693000000000003	0.0	0.10550836699988639	0.04265595599997596	0.27876567700013766	1
36	2	5	0.00001422869472	0.42086	0.0	0.10496276500003421	0.045195599999942715	0.2707016350000231	1
37	2	1	0.00000195364934	0.84175	0.0	0.14279815000015605	0.11568010999997114	0.5832717399998728	1
37	2	2	0.00000236154599	0.51877	0.0	0.1066363050000341	0.0487304480000148	0.3634032469999511	1
37	2	3	0.00000403900768	0.46068000000000003	0.0	0.10678710700026176	0.04995910999991793	0.3039337829998203	1
37	2	4	0.00000815834925	0.47750000000000004	0.0	0.10575248900003317	0.039866157999995266	0.33188135299997157	1
37	2	5	0.00001485302931	0.43959	0.0	0.10548036000004851	0.03592634899996483	0.29818329099998664	1
38	2	1	0.00000162560702	0.68429	0.0	0.12495627999973204	0.06336925000005067	0.49596447000021726	1
38	2	2	0.00000236000432	0.5184	0.0	0.10653071600025067	0.04778945799989742	0.3640798259998519	1
38	2	3	0.00000385917399	0.43910000000000005	0.0	0.10608383199991442	0.047388152999928934	0.28562801500015667	1
38	2	4	0.00000772101504	0.45126	0.0	0.10523704899987729	0.04440251900007297	0.30162043200004973	1
38	2	5	0.00001349569326	0.39887	0.0	0.1052344980000845	0.0402312860001075	0.253404215999808	1
39	2	1	0.00000156035689	0.65297	0.0	0.1558551519999762	0.09372555999993892	0.4033892880000849	1
39	2	2	0.00000231508756	0.50762	0.0	0.10512648900012493	0.07549453900014669	0.3269989719997284	1
39	2	3	0.0000033184229	0.37421	0.0	0.1052015330001786	0.043053060999909576	0.22595540599991182	1
39	2	4	0.0000067686798	0.39412	0.0	0.10467190000015501	0.045971189999931994	0.243476909999913	1
39	2	5	0.00001277535848	0.37726	0.0	0.10473397400007685	0.05392865899989374	0.2185973670000294	1
40	2	1	0.0000016855863	0.71308	0.0	0.11571270200000539	0.09232128999997258	0.5050460080000221	1
40	2	2	0.00000247683789	0.54644	0.0	0.11002482600012399	0.06521221399998467	0.3712029599998914	1
40	2	3	0.00000348517324	0.39422	0.0	0.10645487899987961	0.04327385300007336	0.24449126800004706	1
40	2	4	0.00000812484918	0.47549	0.0	0.10536934700015559	0.06314603399994212	0.3069746189999023	1
40	2	5	0.00001479869586	0.43796	0.0	0.10523476999994905	0.07691627100007281	0.25580895899997813	1
731	1	1	0.00000193156596	0.8311499999999999	0.0	0.6168356980001793	0.12989681599992764	0.08441748599989296	1
731	1	2	0.00000170316967	0.36076	0.0	0.2756939079999663	0.0406321460000072	0.04443394600002648	1
731	1	3	0.00000275342177	0.30641	0.0	0.20091457000009466	0.060592555999960496	0.04490287399994486	1
731	1	4	0.0000042495081	0.24297	0.0	0.16168362599999883	0.04488196800002697	0.03640440599997419	1
731	1	5	0.00000745034783	0.21751	0.0	0.13914786100013565	0.04097655499981556	0.037385584000048766	1
732	1	1	0.00000151135679	0.6294500000000001	0.0	0.39314982400024134	0.14848843099980513	0.08781174499995359	1
732	1	2	0.00000147550255	0.30612	0.0	0.2001215510002013	0.06082120299993221	0.0451772459998665	1
732	1	3	0.00000215658725	0.23479	0.0	0.13564515500004476	0.0593236849999812	0.03982115999997404	1
732	1	4	0.00000385017397	0.21900999999999998	0.0	0.12669638099996222	0.05736432000003333	0.03494929900000443	1
732	1	5	0.00000814568256	0.23837	0.0	0.12793477800002176	0.07451468799990835	0.03592053400006989	1
733	1	1	0.00000163712787	0.6898200000000001	0.0	0.4625808459999829	0.14777496500005327	0.07946418899996388	1
733	1	2	0.00000155008603	0.32402	0.0	0.22308978199996954	0.05307876999995642	0.047851448000074015	1
733	1	3	0.00000257583808	0.2851	0.0	0.1673444210001095	0.07321247499999117	0.04454310399989936	1
733	1	4	0.00000396067419	0.22563999999999998	0.0	0.13466841700005863	0.033307341999943674	0.057664240999997673	1
733	1	5	0.00000686734667	0.20002	0.0	0.12620992200004869	0.03538830399998005	0.038421773999971265	1
734	1	1	0.00000174464892	0.7414299999999999	0.0	0.5214729760002316	0.13605486399978872	0.08390215999997963	1
734	1	2	0.00000160796115	0.33791000000000004	0.0	0.2429595640001373	0.05234698000003846	0.04260345599982429	1
734	1	3	0.00000240692108	0.26483	0.0	0.17093833899995667	0.053088849999994636	0.04080281100004868	1
734	1	4	0.00000386017399	0.21961000000000003	0.0	0.14266745299984213	0.0391718740000897	0.0377706730000682	1
734	1	5	0.00000760801482	0.22224000000000002	0.0	0.13054416499989044	0.0464076880000448	0.04528814700006478	1
735	1	1	0.00000374911126	1.70357	0.0	1.5181606439999635	0.10283979199994064	0.08256956400009585	1
735	1	2	0.00000334829796	0.7555900000000001	0.0	0.6517204409999685	0.061015172999987044	0.04285438600004454	1
735	1	3	0.00000411942451	0.47032999999999997	0.0	0.38429367499999084	0.0433714929999951	0.04266483200001403	1
735	1	4	0.0000059848449	0.34709	0.0	0.26994896199985013	0.04429462000007334	0.03284641800007648	1
735	1	5	0.00001140868908	0.33626	0.0	0.20574626100002003	0.060756253000135985	0.069757485999844	1
751	2	1	0.00000145533584	0.60256	0.0	0.10714030000004322	0.08199576000004072	0.413423939999916	1
751	2	2	0.00000216287893	0.47109	0.0	0.10560503300029797	0.06500523399995473	0.3004797329997473	1
751	2	3	0.00000336050632	0.37926	0.0	0.10577498399977754	0.044817142000056265	0.2286678740001662	1
751	2	4	0.00000711251383	0.41475	0.0	0.1049145059999737	0.04784114300002784	0.26199435099999846	1
751	2	5	0.0000129343588	0.38203	0.0	0.10497549899993397	0.042041699000037625	0.2350128020000284	1
752	2	1	0.00000172121138	0.7301799999999999	0.0	0.11829982000004259	0.08930125999995653	0.5225789200000008	1
752	2	2	0.00000237833769	0.5227999999999999	0.0	0.1100633129997666	0.04250702500007719	0.37022966200015617	1
752	2	3	0.00000384634063	0.43756	0.0	0.1064320849992933	0.0539495180000813	0.2771783970006254	1
752	2	4	0.0000079990156	0.46794	0.0	0.10547076400007557	0.04573401599998306	0.31673521999994136	1
752	2	5	0.00001405969439	0.41579000000000005	0.0	0.10493858099992673	0.0370478820000244	0.2738035370000489	1
753	2	1	0.00000133200226	0.5433600000000001	0.0	0.12118187899999827	0.0826201500000252	0.33955797099997653	1
753	2	2	0.0000017190447	0.36457	0.0	0.10538423300003734	0.04628385699993487	0.21290191000002778	1
753	2	3	0.00000298100556	0.33372	0.0	0.10520712400003208	0.042863964999924065	0.18564891100004388	1
753	2	4	0.00000615867858	0.35752	0.0	0.10448167500007959	0.04288082900006884	0.21015749599985156	1
753	2	5	0.00001363302687	0.40299	0.0	0.10512399499994013	0.04409858700000768	0.2537674180000522	1
754	2	1	0.00000143616914	0.59336	0.0	0.11399146299997244	0.07267660999991676	0.4066919270001108	1
754	2	2	0.00000192254511	0.41341000000000006	0.0	0.10608961399987146	0.046309487000144145	0.2610108989999844	1
754	2	3	0.00000345775652	0.39093	0.0	0.10580326900000882	0.0416501510001126	0.2434765799998786	1
754	2	4	0.00000639367905	0.37162	0.0	0.1050149340001027	0.04363097799989646	0.22297408800000085	1
754	2	5	0.00001407302775	0.41619	0.0	0.1050669060001323	0.05727998000020307	0.25384311399966464	1
755	2	1	0.00000135598148	0.55487	0.0	0.11177442800005258	0.07416470099997241	0.368930870999975	1
755	2	2	0.00000182966993	0.39112	0.0	0.10938198400026443	0.05445479099989825	0.22728322499983733	1
755	2	3	0.00000309700579	0.34764	0.0	0.10511066799999629	0.04431554799998594	0.19821378400001777	1
755	2	4	0.00000644567916	0.37474	0.0	0.10445153599996798	0.06096555099998113	0.2093229130000509	1
755	2	5	0.00001229235752	0.36277	0.0	0.10458989099997734	0.044306183000117016	0.21387392599990562	1
1948	3	1	0.00004485368216	21.433724567136554	0.0	9.562869840000037	11.665594567136552	0.20526015999996616	1
1948	3	2	0.00006899565662	16.51092456713655	0.79332	4.658314139999996	11.665594567136552	0.18701586000000248	1
1948	3	3	0.00011807494048	14.144964567136551	0.78343	2.373508479999923	11.665594567136552	0.10586152000007587	1
1948	3	4	0.00021608984123	12.953364567136552	0.8061200000000001	1.2114143409999998	11.665594567136552	0.07635565900000074	1
1948	3	5	0.00041648931815	12.488654567136551	0.77962	0.7408024310000783	11.665594567136552	0.0822575689999212	1
1949	3	1	0.00006119271483	29.27644456713655	0.0	17.398221180000036	11.665594567136552	0.21262881999996353	1
1949	3	2	0.0000844042291	20.208974567136554	0.0	8.391835743999978	11.665594567136552	0.15154425600002241	1
1949	3	3	0.00013659964419	16.36792456713655	0.0	4.66190242399993	11.665594567136552	0.040427576000070076	1
1949	3	4	0.00023340354253	13.992184567136553	0.0	2.2837656230000123	11.665594567136552	0.04282437699998809	1
1949	3	5	0.00043464068778	13.033194567136553	0.0	1.3281426370003446	11.665594567136552	0.03945736299965574	1
1950	3	1	0.00006279548887	30.04577456713655	0.0	18.184535099999955	11.665594567136552	0.19564490000004753	1
1950	3	2	0.00008561252319	20.49896456713655	0.0	8.704824294999977	11.665594567136552	0.12854570500002183	1
1950	3	3	0.00013668006102	16.377574567136552	0.0	4.672348314999982	11.665594567136552	0.03963168500001757	1
1950	3	4	0.00023439687785	14.051784567136552	0.0	2.3467166239998405	11.665594567136552	0.03947337600015999	1
1950	3	5	0.00043505702195	13.045684567136552	0.0	1.3410591649998242	11.665594567136552	0.03903083500017601	1
1951	3	1	0.00005585659999	26.715114567136553	0.0	14.840481741000048	11.665594567136552	0.20903825899995354	1
1951	3	2	0.00007902563501	18.918114567136552	0.0	7.118941118000007	11.665594567136552	0.1335788819999948	1
1951	3	3	0.00012927262954	15.488684567136552	0.0	3.777480912000008	11.665594567136552	0.04560908799999197	1
1951	3	4	0.00022670536246	13.590294567136553	0.0	1.879410072000126	11.665594567136552	0.045289927999874635	1
1951	3	5	0.00042768167387	12.824424567136552	0.0	1.1165785049999268	11.665594567136552	0.04225149500007319	1
1952	3	1	0.00005639749691	26.97474456713655	0.0	15.091605409000021	11.665594567136552	0.21754459099997803	1
1952	3	2	0.0000833206436	19.94891456713655	0.0	8.14058800599997	11.665594567136552	0.14273199400003023	1
1952	3	3	0.00013073146579	15.663744567136552	0.0	3.954888482999981	11.665594567136552	0.04326151700001901	1
1952	3	4	0.00022721786349	13.621044567136552	0.0	1.9119262509999135	11.665594567136552	0.043523749000087264	1
1952	3	5	0.00042861934241	12.85255456713655	0.0	1.1487066790000426	11.665594567136552	0.038253320999956486	1
1953	3	1	0.00005515086942	26.37636456713655	0.0	14.526392930000018	11.665594567136552	0.18437706999998227	1
1953	3	2	0.00008241885013	19.732484567136552	0.0	7.935636232999967	11.665594567136552	0.13125376700003244	1
1953	3	3	0.00012851179468	15.397384567136553	0.0	3.683350911999992	11.665594567136552	0.04843908800000918	1
1953	3	4	0.00022571586048	13.530924567136552	0.0	1.8304694850000087	11.665594567136552	0.03486051499999121	1
1953	3	5	0.00042676033869	12.796784567136552	0.0	1.0936326880000107	11.665594567136552	0.037557311999989906	1
1954	3	1	0.00005625378829	26.905764567136554	0.0	15.019964740000058	11.665594567136552	0.22020525999994334	1
1954	3	2	0.00008372556108	20.046094567136553	0.0	8.227162907999984	11.665594567136552	0.15333709200001522	1
1954	3	3	0.00012949946332	15.515904567136552	0.0	3.7941353389999994	11.665594567136552	0.056174661000000015	1
1954	3	4	0.0002264890287	13.57731456713655	0.0	1.87251202199985	11.665594567136552	0.039207978000149524	1
1954	3	5	0.00042744534006	12.817334567136552	0.0	1.11267597700019	11.665594567136552	0.03906402299980982	1
1955	3	1	0.00005297994841	25.33432456713655	0.0	13.481490910999941	11.665594567136552	0.1872390890000588	1
1955	3	2	0.00008041230445	19.25091456713655	0.0	7.44968558600002	11.665594567136552	0.13563441399998055	1
1955	3	3	0.00012611587322	15.109874567136552	0.0	3.402966574000013	11.665594567136552	0.041313425999987885	1
1955	3	4	0.00022370368979	13.410194567136552	0.0	1.7106782349999412	11.665594567136552	0.03392176500005917	1
1955	3	5	0.00042449400082	12.728794567136553	0.0	1.0205492539998378	11.665594567136552	0.04265074600016305	1
1956	3	1	0.000057025394	27.276134567136552	0.0	15.399055250000048	11.665594567136552	0.21148474999995415	1
1956	3	2	0.0000848663967	20.31989456713655	0.0	8.52240996400004	11.665594567136552	0.13189003599995885	1
1956	3	3	0.00013061121555	15.649314567136551	0.0	3.9427538149999974	11.665594567136552	0.04096618500000204	1
1956	3	4	0.00022853419945	13.700024567136552	0.0	1.9952419710001124	11.665594567136552	0.03918802899988805	1
1956	3	5	0.00042881067612	12.858294567136552	0.0	1.1522351940001827	11.665594567136552	0.040464805999818054	1
1957	3	1	0.00005256838508	25.136774567136552	0.0	13.286928840000085	11.665594567136552	0.18425115999991704	1
1957	3	2	0.00007871509273	18.843584567136553	0.0	7.049810008999978	11.665594567136552	0.12817999100002453	1
1957	3	3	0.0001259202895	15.086404567136551	0.0	3.375703113000025	11.665594567136552	0.04510688699997445	1
1957	3	4	0.0002242400242	13.442374567136552	0.0	1.7355330329999943	11.665594567136552	0.04124696700000641	1
1957	3	5	0.00042385866622	12.709734567136552	0.0	1.0008115840001046	11.665594567136552	0.04332841599989479	1
1958	3	1	0.0000524777599	25.093274567136554	0.0	13.213001749999982	11.665594567136552	0.21467825000001994	1
1958	3	2	0.00007645987988	18.302334567136555	0.0	6.509265150999992	11.665594567136552	0.12747484900000927	1
1958	3	3	0.00012644520722	15.149394567136552	0.0	3.44781223600003	11.665594567136552	0.0359877639999695	1
1958	3	4	0.00022377352327	13.414384567136553	0.0	1.7053647649999149	11.665594567136552	0.043425235000086104	1
1958	3	5	0.00042365633248	12.703664567136551	0.0	0.9953852580001076	11.665594567136552	0.04268474199989214	1
1959	3	1	0.00005425349262	25.945624567136555	0.0	14.083259299000012	11.665594567136552	0.19677070099999128	1
1959	3	2	0.00007868875934	18.837264567136554	0.0	7.045039687000038	11.665594567136552	0.1266303129999642	1
1959	3	3	0.00012774179314	15.304984567136552	0.0	3.5981705840000098	11.665594567136552	0.041219415999989906	1
1959	3	4	0.0002257390272	13.53231456713655	0.0	1.8281451150001105	11.665594567136552	0.038574884999889036	1
1959	3	5	0.0004262340043	12.78099456713655	0.0	1.0730983730003119	11.665594567136552	0.04230162699968787	1
1960	3	1	0.00005067098546	24.22602456713655	0.0	12.37276529100007	11.665594567136552	0.18766470899993237	1
1960	3	2	0.00007665600527	18.349404567136553	0.0	6.5423538089999695	11.665594567136552	0.1414561910000316	1
1960	3	3	0.00012384945202	14.837904567136551	0.0	3.1238806119999545	11.665594567136552	0.04842938800004504	1
1960	3	4	0.00022115801803	13.257454567136552	0.0	1.5489759560000531	11.665594567136552	0.04288404399994761	1
1960	3	5	0.00042111266073	12.627354567136551	0.0	0.9222420280001152	11.665594567136552	0.03951797199988505	1
1961	3	1	0.00005360011631	25.63200456713655	0.0	13.775368651000012	11.665594567136552	0.19104134899998826	1
1961	3	2	0.00008028722087	19.22089456713655	0.0	7.429057325999975	11.665594567136552	0.1262426740000251	1
1961	3	3	0.00012660545754	15.168624567136552	0.0	3.4591086739999692	11.665594567136552	0.04392132600003151	1
1961	3	4	0.00022453452479	13.460044567136553	0.0	1.7559400500000666	11.665594567136552	0.03850994999993418	1
1961	3	5	0.00042480166811	12.738024567136552	0.0	1.0320199709997868	11.665594567136552	0.0404100290002134	1
1962	3	1	0.00005067802714	24.229404567136555	0.0	12.347387479999965	11.665594567136552	0.21642252000003737	1
1962	3	2	0.00007673288043	18.36785456713655	0.0	6.568777179000026	11.665594567136552	0.13348282099997277	1
1962	3	3	0.00012405570244	14.862654567136552	0.0	3.158413564999967	11.665594567136552	0.0386464350000324	1
1962	3	4	0.000220975851	13.246524567136552	0.0	1.5369526730000072	11.665594567136552	0.04397732699999324	1
1962	3	5	0.00042141866134	12.636534567136552	0.0	0.928909441999922	11.665594567136552	0.0420305580000786	1
1963	4	1	0.00000555488571	2.5703400000000003	0.83648	0.03177412200018489	2.400939643999777	0.13762623400003804	1
1963	4	2	0.00000552951066	1.27908	0.8314	0.006153439001742299	1.189052619998165	0.0838739410000926	1
1963	4	3	0.00000757718142	0.88526	0.75719	0.005628925999940748	0.8335252900000683	0.04610578399999099	1
1963	4	4	0.00001281435856	0.75686	0.79826	0.006633082000047011	0.7072760009999683	0.042950916999984656	1
1963	4	5	0.00002965939225	0.88378	0.82314	0.00588928100103044	0.8332417799990708	0.044648938999898746	1

#<bucket_range_id> <size1_gb> <size2_gb> <cost_per_gb>
1	0	51200	0.0405
2	51200	460800	0.0390
3	460800	99999999999999	0.0370
