#<#tasks> <#config> <#data> <#vms> <#buckets> <#bucket_ranges> <max_running_time> <max_financial_cost>
46	5	105	3	1	3	1000	999999

#<task_id> <activity_id> <task_type__0-VM__1-VM_FX> <vm_cpu_time> <n_input> [<id_input>...] <n_output> [<id_output>...]
1	1	1	0.007460960885509849	1	[1]	1	[2]
26	1	1	0.0654937531799078	1	[25]	1	[26]
733	1	1	0.021769636077806354	1	[124]	1	[125]
811	1	1	0.05553464195691049	1	[222]	1	[223]
1298	1	1	0.014608878875151277	1	[454]	1	[455]
1315	1	1	0.023904321948066354	1	[488]	1	[489]
1327	1	1	0.016381008084863424	1	[512]	1	[513]
1329	1	1	0.018103684997186065	1	[516]	1	[517]
1330	1	1	0.06872585183009505	1	[518]	1	[519]
1356	1	1	0.028098794864490628	1	[570]	1	[571]
1372	1	1	0.020076964050531387	1	[602]	1	[603]
1376	1	1	0.0645703210029751	1	[610]	1	[611]
1393	1	1	0.05844525387510657	1	[644]	1	[645]
1430	1	1	0.02655841992236674	1	[718]	1	[719]
1437	1	1	0.03276250814087689	1	[732]	1	[733]
9	2	1	0.0012908268254250288	1	[2]	3	[5,6,7]
36	2	1	0.0027456730604171753	1	[26]	7	[55,56,57,58,59,60,61]
753	2	1	0.00252945302054286	1	[125]	5	[152,153,154,155,156]
861	2	1	0.0021218021865934134	1	[223]	5	[309,310,311,312,313]
1499	2	1	0.001585711957886815	1	[455]	4	[774,775,776,777]
1516	2	1	0.0015327099245041609	1	[489]	4	[842,843,844,845]
1528	2	1	0.0017496820073574781	1	[513]	4	[890,891,892,893]
1530	2	1	0.0016109549906104803	1	[517]	4	[898,899,900,901]
1531	2	1	0.0016530840657651424	1	[519]	4	[902,903,904,905]
1557	2	1	0.0017156729009002447	1	[571]	4	[1006,1007,1008,1009]
1573	2	1	0.0012747249566018581	1	[603]	3	[1070,1071,1072]
1577	2	1	0.0016629458405077457	1	[611]	3	[1082,1083,1084]
1594	2	1	0.0013833758421242237	1	[645]	3	[1133,1134,1135]
1631	2	1	0.0014783157967031002	1	[719]	3	[1243,1244,1245]
1638	2	1	0.0013635738287121058	1	[733]	3	[1264,1265,1266]
12052	3	1	0.08097635419107974	59	[5,6,7,55,56,57,58,59,60,61,152,153,154,155,156,309,310,311,312,313,774,775,776,777,842,843,844,845,890,891,892,893,898,899,900,901,902,903,904,905,1006,1007,1008,1009,1070,1071,1072,1082,1083,1084,1133,1134,1135,1243,1244,1245,1264,1265,1266]	1	[16]
12053	3	1	0.19438246497884393	59	[5,6,7,55,56,57,58,59,60,61,152,153,154,155,156,309,310,311,312,313,774,775,776,777,842,843,844,845,890,891,892,893,898,899,900,901,902,903,904,905,1006,1007,1008,1009,1070,1071,1072,1082,1083,1084,1133,1134,1135,1243,1244,1245,1264,1265,1266]	1	[94]
12054	3	1	0.14142923802137375	59	[5,6,7,55,56,57,58,59,60,61,152,153,154,155,156,309,310,311,312,313,774,775,776,777,842,843,844,845,890,891,892,893,898,899,900,901,902,903,904,905,1006,1007,1008,1009,1070,1071,1072,1082,1083,1084,1133,1134,1135,1243,1244,1245,1264,1265,1266]	1	[195]
12055	3	1	0.14261339511722326	59	[5,6,7,55,56,57,58,59,60,61,152,153,154,155,156,309,310,311,312,313,774,775,776,777,842,843,844,845,890,891,892,893,898,899,900,901,902,903,904,905,1006,1007,1008,1009,1070,1071,1072,1082,1083,1084,1133,1134,1135,1243,1244,1245,1264,1265,1266]	1	[414]
12056	3	1	0.11177389416843653	59	[5,6,7,55,56,57,58,59,60,61,152,153,154,155,156,309,310,311,312,313,774,775,776,777,842,843,844,845,890,891,892,893,898,899,900,901,902,903,904,905,1006,1007,1008,1009,1070,1071,1072,1082,1083,1084,1133,1134,1135,1243,1244,1245,1264,1265,1266]	1	[1352]
12057	3	1	0.11177142290398479	59	[5,6,7,55,56,57,58,59,60,61,152,153,154,155,156,309,310,311,312,313,774,775,776,777,842,843,844,845,890,891,892,893,898,899,900,901,902,903,904,905,1006,1007,1008,1009,1070,1071,1072,1082,1083,1084,1133,1134,1135,1243,1244,1245,1264,1265,1266]	1	[1320]
12058	3	1	0.10959234484471381	59	[5,6,7,55,56,57,58,59,60,61,152,153,154,155,156,309,310,311,312,313,774,775,776,777,842,843,844,845,890,891,892,893,898,899,900,901,902,903,904,905,1006,1007,1008,1009,1070,1071,1072,1082,1083,1084,1133,1134,1135,1243,1244,1245,1264,1265,1266]	1	[1309]
12059	3	1	0.10864839889109135	59	[5,6,7,55,56,57,58,59,60,61,152,153,154,155,156,309,310,311,312,313,774,775,776,777,842,843,844,845,890,891,892,893,898,899,900,901,902,903,904,905,1006,1007,1008,1009,1070,1071,1072,1082,1083,1084,1133,1134,1135,1243,1244,1245,1264,1265,1266]	1	[1373]
12060	3	1	0.10841747187077999	59	[5,6,7,55,56,57,58,59,60,61,152,153,154,155,156,309,310,311,312,313,774,775,776,777,842,843,844,845,890,891,892,893,898,899,900,901,902,903,904,905,1006,1007,1008,1009,1070,1071,1072,1082,1083,1084,1133,1134,1135,1243,1244,1245,1264,1265,1266]	1	[1387]
12061	3	1	0.10806094598956406	59	[5,6,7,55,56,57,58,59,60,61,152,153,154,155,156,309,310,311,312,313,774,775,776,777,842,843,844,845,890,891,892,893,898,899,900,901,902,903,904,905,1006,1007,1008,1009,1070,1071,1072,1082,1083,1084,1133,1134,1135,1243,1244,1245,1264,1265,1266]	1	[1376]
12062	3	1	0.08281505201011896	59	[5,6,7,55,56,57,58,59,60,61,152,153,154,155,156,309,310,311,312,313,774,775,776,777,842,843,844,845,890,891,892,893,898,899,900,901,902,903,904,905,1006,1007,1008,1009,1070,1071,1072,1082,1083,1084,1133,1134,1135,1243,1244,1245,1264,1265,1266]	1	[1284]
12063	3	1	0.08278709999285638	59	[5,6,7,55,56,57,58,59,60,61,152,153,154,155,156,309,310,311,312,313,774,775,776,777,842,843,844,845,890,891,892,893,898,899,900,901,902,903,904,905,1006,1007,1008,1009,1070,1071,1072,1082,1083,1084,1133,1134,1135,1243,1244,1245,1264,1265,1266]	1	[1404]
12064	3	1	0.08318577893078327	59	[5,6,7,55,56,57,58,59,60,61,152,153,154,155,156,309,310,311,312,313,774,775,776,777,842,843,844,845,890,891,892,893,898,899,900,901,902,903,904,905,1006,1007,1008,1009,1070,1071,1072,1082,1083,1084,1133,1134,1135,1243,1244,1245,1264,1265,1266]	1	[1380]
12065	3	1	0.0820944111328572	59	[5,6,7,55,56,57,58,59,60,61,152,153,154,155,156,309,310,311,312,313,774,775,776,777,842,843,844,845,890,891,892,893,898,899,900,901,902,903,904,905,1006,1007,1008,1009,1070,1071,1072,1082,1083,1084,1133,1134,1135,1243,1244,1245,1264,1265,1266]	1	[1302]
12066	3	1	0.08788608107715845	59	[5,6,7,55,56,57,58,59,60,61,152,153,154,155,156,309,310,311,312,313,774,775,776,777,842,843,844,845,890,891,892,893,898,899,900,901,902,903,904,905,1006,1007,1008,1009,1070,1071,1072,1082,1083,1084,1133,1134,1135,1243,1244,1245,1264,1265,1266]	1	[1334]
12067	4	1	0.0004762460011988878	15	[16,94,195,414,1284,1302,1309,1320,1334,1352,1373,1376,1380,1387,1404]	1	[1415]

#<data_id> <data_size> <read_time_avg> <write_time_avg> <is_static> <n_source_devices> [<device_id>...]
1	1662	0.1917362430000594	None	1	1	[denethor_bucket]
2	339	0.18094948560001287	0.05896903320006004	0	0	[denethor_bucket]
5	185	0.11305015166662719	0.05619118779998189	0	0	[denethor_bucket]
6	185	0.12373161433334665	0.05290410379996047	0	0	[denethor_bucket]
7	339	0.11986179900002022	0.04875275099996088	0	0	[denethor_bucket]
16	185	0.1597403507999843	0.16138831040001378	0	0	[denethor_bucket]
25	3265	0.06364108179998311	None	1	1	[denethor_bucket]
26	567	0.05861980920002452	0.04904108939999787	0	0	[denethor_bucket]
55	187	0.1130946970000034	0.05113621479997619	0	0	[denethor_bucket]
56	187	0.12290212666667326	0.0491983833999484	0	0	[denethor_bucket]
57	183	0.11680414600000219	0.04877812299993139	0	0	[denethor_bucket]
58	239	0.11971496233329523	0.04884904280003184	0	0	[denethor_bucket]
59	355	0.11311031366671884	0.05305177679999815	0	0	[denethor_bucket]
60	243	0.11975035200002077	0.04475333520001641	0	0	[denethor_bucket]
61	567	0.11642135533330591	0.0521557316000326	0	0	[denethor_bucket]
94	355	0.058085662199971466	0.08808572779996666	0	0	[denethor_bucket]
124	2258	0.0560687057999985	None	1	1	[denethor_bucket]
125	453	0.06465170699989357	0.04960825899995598	0	0	[denethor_bucket]
152	185	0.11973980699996417	0.0458389110000212	0	0	[denethor_bucket]
153	243	0.12647926000004375	0.04922720479999043	0	0	[denethor_bucket]
154	299	0.11973227199995543	0.05165101540007982	0	0	[denethor_bucket]
155	185	0.11316661033328998	0.047771538600079565	0	0	[denethor_bucket]
156	453	0.1143240000000388	0.04933869840002671	0	0	[denethor_bucket]
195	273	0.05811793380005383	0.08134798339999634	0	0	[denethor_bucket]
222	3356	0.062297985399982284	None	1	1	[denethor_bucket]
223	455	0.06268861859999789	0.04519616100001258	0	0	[denethor_bucket]
309	185	0.11855270533327691	0.050071925999952784	0	0	[denethor_bucket]
310	243	0.12632984500000563	0.05688581460003661	0	0	[denethor_bucket]
311	299	0.1065677646666834	0.04898652399991761	0	0	[denethor_bucket]
312	185	0.1263797293333937	0.046259891599959246	0	0	[denethor_bucket]
313	455	0.11314417600002959	0.052633084000035524	0	0	[denethor_bucket]
414	273	0.06710132539992629	0.08056462060000058	0	0	[denethor_bucket]
454	2762	0.0574233082000319	None	1	1	[denethor_bucket]
455	405	0.06022449319999623	0.04705282999998417	0	0	[denethor_bucket]
488	4103	0.05780932540003505	None	1	1	[denethor_bucket]
489	403	0.06162881239999934	0.05088223300003847	0	0	[denethor_bucket]
512	2932	0.06533480760001567	None	1	1	[denethor_bucket]
513	405	0.06149827339999092	0.053756269799987426	0	0	[denethor_bucket]
516	2164	0.0681553002000328	None	1	1	[denethor_bucket]
517	405	0.05901361859998815	0.04700527860006787	0	0	[denethor_bucket]
518	4836	0.052763677799976	None	1	1	[denethor_bucket]
519	407	0.059899933400015475	0.04887842380003349	0	0	[denethor_bucket]
570	3087	0.07418467540003348	None	1	1	[denethor_bucket]
571	397	0.05763599939992901	0.04881192739997005	0	0	[denethor_bucket]
602	3650	0.05983151520003958	None	1	1	[denethor_bucket]
603	357	0.06621252539996476	0.04557616820004569	0	0	[denethor_bucket]
610	4670	0.06288030540004001	None	1	1	[denethor_bucket]
611	357	0.0602803160000235	0.05062992419998409	0	0	[denethor_bucket]
644	5188	0.06359603199994127	None	1	1	[denethor_bucket]
645	347	0.06340350539995825	0.04854313200009983	0	0	[denethor_bucket]
718	3836	0.06227561779999178	None	1	1	[denethor_bucket]
719	339	0.0599604833999706	0.054508305400077006	0	0	[denethor_bucket]
732	3692	0.06587709719997292	None	1	1	[denethor_bucket]
733	347	0.0595275732000232	0.05177885180003159	0	0	[denethor_bucket]
774	187	0.12640797100000134	0.05211583520004979	0	0	[denethor_bucket]
775	185	0.11979604333334729	0.04818897439990906	0	0	[denethor_bucket]
776	243	0.1283836640000307	0.048251778800022294	0	0	[denethor_bucket]
777	405	0.11784335633333838	0.0488728696000976	0	0	[denethor_bucket]
842	185	0.11316075099999039	0.0473190210000098	0	0	[denethor_bucket]
843	185	0.11980063133327705	0.05049132580007836	0	0	[denethor_bucket]
844	241	0.11311009499999629	0.046847174199990606	0	0	[denethor_bucket]
845	403	0.11303367133327442	0.05117462720002095	0	0	[denethor_bucket]
890	185	0.11540729233330668	0.04768769959991914	0	0	[denethor_bucket]
891	249	0.12414658299999796	0.053130381400069385	0	0	[denethor_bucket]
892	187	0.11315339033333757	0.04814399539999386	0	0	[denethor_bucket]
893	405	0.10645099799995685	0.05348519080004053	0	0	[denethor_bucket]
898	187	0.11984350466674207	0.051027420799971426	0	0	[denethor_bucket]
899	185	0.11340487233333826	0.052698694800028534	0	0	[denethor_bucket]
900	243	0.11948829699997524	0.04710443139996414	0	0	[denethor_bucket]
901	405	0.11962145633335318	0.048910990399997446	0	0	[denethor_bucket]
902	187	0.11312721033328875	0.04544015040002023	0	0	[denethor_bucket]
903	185	0.11315492899998021	0.050337556200133804	0	0	[denethor_bucket]
904	245	0.1131091996666764	0.045259359800047604	0	0	[denethor_bucket]
905	407	0.10651474266659512	0.05224575619998859	0	0	[denethor_bucket]
1006	185	0.12633584633333808	0.04773983580005279	0	0	[denethor_bucket]
1007	187	0.10655913933334184	0.0504484712000135	0	0	[denethor_bucket]
1008	241	0.12646725066665937	0.04639655280005855	0	0	[denethor_bucket]
1009	397	0.1131398886666092	0.04870705820010244	0	0	[denethor_bucket]
1070	193	0.12649045899999126	0.05069101819995012	0	0	[denethor_bucket]
1071	187	0.11971468900001496	0.048543917599999986	0	0	[denethor_bucket]
1072	357	0.11977530433339231	0.048028176199943574	0	0	[denethor_bucket]
1082	193	0.11307893033337292	0.046540616400045566	0	0	[denethor_bucket]
1083	187	0.1197550589999471	0.051599370000030835	0	0	[denethor_bucket]
1084	357	0.10653484499994192	0.04660025220002808	0	0	[denethor_bucket]
1133	185	0.11982992699996955	0.05013534239999445	0	0	[denethor_bucket]
1134	185	0.13302670533329344	0.04714143820007166	0	0	[denethor_bucket]
1135	347	0.1215412263333918	0.04714583420001191	0	0	[denethor_bucket]
1243	185	0.11306090399995611	0.048812829399935254	0	0	[denethor_bucket]
1244	185	0.1263765063333012	0.04826963580007942	0	0	[denethor_bucket]
1245	339	0.12633494133328346	0.05109166120004147	0	0	[denethor_bucket]
1264	185	0.11307893633330444	0.04420234080008641	0	0	[denethor_bucket]
1265	249	0.1264308586666422	0.049081500599959325	0	0	[denethor_bucket]
1266	347	0.1131512976666472	0.04814034819994504	0	0	[denethor_bucket]
1284	194	0.06056288199996516	0.08189035040005592	0	0	[denethor_bucket]
1302	194	0.06122854680000955	0.08652980880001451	0	0	[denethor_bucket]
1309	232	0.0633073877999891	0.08200205859996004	0	0	[denethor_bucket]
1320	232	0.06141343679995544	0.08089449679994232	0	0	[denethor_bucket]
1334	194	0.05724291340001173	0.057859035000001315	0	0	[denethor_bucket]
1352	232	0.05715356240004894	0.0786794438000129	0	0	[denethor_bucket]
1373	232	0.06089184759991895	0.07377147419999801	0	0	[denethor_bucket]
1376	236	0.060427078199984406	0.07983065639997448	0	0	[denethor_bucket]
1380	194	0.05987198759994499	0.07966211520003981	0	0	[denethor_bucket]
1387	232	0.06602397699994071	0.08223588360001487	0	0	[denethor_bucket]
1404	194	0.05701680359995862	0.05339268220000122	0	0	[denethor_bucket]
1415	3036	None	0.061265429800027964	0	0	[denethor_bucket]

#<vm1_cpu_slowdown> <vm2_cpu_slowdown> ... <vm10_cpu_slowdown>
1.00	1.00	0.50

#<vm1_storage> <vm2 _storage> <vm3_storage>
8192	8192	8192

#<vm1_cost> <vm2_cost> <vm3_cost>
0.0000051670	0.0000103330	0.0000186671

#<vm_id> <bandwidth>
1	1250
2	1250
3	5000

#<task_id> <activity_id> <conf_id> <task_cost> <task_time_duration> <task_time_init> <task_time_cpu> <task_time_read> <task_time_write> <task_count>
1	1	1	0.00000199096192	0.85966	0.90538	0.36301517499991054	0.3967600500000117	0.09988477500007775	1
1	1	2	0.00000203312867	0.43995	0.8661300000000001	0.20945783499978568	0.17959180600018954	0.050900359000024764	1
1	1	3	0.00000307183908	0.34462000000000004	0.90134	0.16604279799995778	0.1328375139999025	0.04573968800013972	1
1	1	4	0.00000598817824	0.34729000000000004	0.91353	0.13784266099999246	0.15042323500006205	0.05902410399994551	1
1	1	5	0.00000902135098	0.26464	0.83359	0.1262751499997563	0.09906861000013123	0.03929624000011245	1
9	2	1	0.00000187439918	0.80371	0.8749500000000001	0.10506192100010503	0.42091505899998083	0.2777330199999142	1
9	2	2	0.0000020497537	0.44394	0.91255	0.10593939500029359	0.19032083899992358	0.14767976599978283	1
9	2	3	0.00000303475567	0.34017000000000003	0.90736	0.10485271200019446	0.11464443700015181	0.12067285099965375	1
9	2	4	0.00000529934353	0.30596	1.10527	0.10690021299998984	0.08473709800000506	0.11432268900000508	1
9	2	5	0.00001113768854	0.32813	0.83651	0.10516811799983668	0.09412999500000296	0.12883188700016035	1
26	1	1	0.00000240954609	1.0605799999999999	0.0	0.9016509300000007	0.0876817859999619	0.07124728400003733	1
26	1	2	0.00000273079673	0.60739	0.0	0.5060932439999893	0.05340883999997459	0.04788791600003606	1
26	1	3	0.00000400892428	0.45707	0.0	0.33843353000027154	0.07554193399982978	0.04309453599989865	1
26	1	4	0.00000560034413	0.32402	0.0	0.21896685999989085	0.05938432900006774	0.04566881100004139	1
26	1	5	0.00000870801702	0.25524	0.0	0.17574457999994253	0.04218852000008155	0.03730689999997594	1
36	2	1	0.0000018998784	0.8159400000000001	0.0	0.12133662699999331	0.11514166099999557	0.5794617120000112	1
36	2	2	0.00000214408722	0.46658	0.0	0.12020484300021604	0.044792879999931756	0.3015822769998522	1
36	2	3	0.0000037315904	0.42379000000000006	0.0	0.10572822300008836	0.0466119500001696	0.27144982699974207	1
36	2	4	0.00000758868144	0.44332	0.0	0.10475709899995428	0.04498031000002811	0.2935825910000176	1
36	2	5	0.00001492836279	0.44185	0.0	0.10674112399995067	0.041572244999997565	0.2935366310000518	1
733	1	1	0.00000127183548	0.51448	0.0	0.3443209600000696	0.08731461699994725	0.08284442299998318	1
733	1	2	0.00000148862758	0.30927	0.0	0.20752261199985106	0.058011894000173925	0.043735493999975006	1
733	1	3	0.00000237350435	0.26082	0.0	0.16260079600013916	0.05036924799992448	0.047849955999936356	1
733	1	4	0.00000381884057	0.21713	0.0	0.13841461800007243	0.042875869999988936	0.03583951199993862	1
733	1	5	0.00000694101348	0.20223	0.0	0.12268619000009537	0.041771899999957895	0.03777190999994673	1
753	2	1	0.00000148898174	0.6187100000000001	0.0	0.10471972800005597	0.11701169299999492	0.39697857899994915	1
753	2	2	0.00000174046141	0.36971	0.0	0.1049713009993547	0.05207893499982674	0.21265976400081854	1
753	2	3	0.00000311625583	0.34995	0.0	0.1048239009998826	0.04734820799967565	0.19777789100044174	1
753	2	4	0.00000631967891	0.36718	0.0	0.10403306800007311	0.06077505200005362	0.20237187999987327	1
753	2	5	0.00001220502401	0.36014999999999997	0.0	0.10475662600017711	0.04604464699991695	0.20934872699990592	1
811	1	1	0.00000211646217	0.9199	0.0	0.7525584029998684	0.1000881360000676	0.06725346100006391	1
811	1	2	0.00000238512937	0.52443	0.0	0.43110335899979657	0.05332442000008086	0.04000222100012252	1
811	1	3	0.00000353167333	0.39980000000000004	0.0	0.29892924500004014	0.05774418800001513	0.04312656699994477	1
811	1	4	0.00000504217635	0.29052999999999995	0.0	0.2079704810000851	0.04508599299992966	0.03747352599998521	1
811	1	5	0.00000873635041	0.25609	0.0	0.16271778000023535	0.05524718999981815	0.03812502999994649	1
861	2	1	0.00000157085691	0.65801	0.0	0.11905476700008945	0.11717299299999695	0.4217822399999136	1
861	2	2	0.00000182612825	0.39027	0.0	0.10463306800023883	0.05830568099963784	0.2273312510001233	1
861	2	3	0.00000314142255	0.35297000000000006	0.0	0.10466250700037086	0.04642644700015808	0.2018810459994711	1
861	2	4	0.00000670617968	0.39037	0.0	0.10427543999984858	0.049663986000041405	0.23643057400011003	1
861	2	5	0.00001130702221	0.33321	0.0	0.10457492399995402	0.04187398600015513	0.18676108999989083	1
1298	1	1	0.00000106235589	0.41393	0.0	0.25495770999993483	0.0933042710000791	0.06566801899998609	1
1298	1	2	0.0000013998774	0.28797000000000006	0.0	0.18509799200015073	0.05487425199999052	0.04799775599985878	1
1298	1	3	0.00000207475375	0.22497	0.0	0.14571327199998152	0.03895762599995578	0.0402991020000627	1
1298	1	4	0.0000038328406	0.21797	0.0	0.12686445499988142	0.050981302000081996	0.040124243000036586	1
1298	1	5	0.00000703268033	0.20498	0.0	0.11480587999997122	0.04899909000005209	0.04117502999997669	1
1315	1	1	0.00000127652299	0.51673	0.0	0.3462223209999752	0.09438958099997308	0.07611809800005176	1
1315	1	2	0.00000149683593	0.31124	0.0	0.20898817299985445	0.0571630429999459	0.045088784000199666	1
1315	1	3	0.00000252375465	0.27885000000000004	0.0	0.18933308499989618	0.045610816000134946	0.04390609899996889	1
1315	1	4	0.00000414234122	0.23654	0.0	0.13761300699992265	0.047900338000090414	0.05102665499998693	1
1315	1	5	0.0000071833473	0.2095	0.0	0.127245621999984	0.04398284900003091	0.038271528999985094	1
1327	1	1	0.00000123175206	0.49524	0.0	0.3225628199999494	0.1028891380000232	0.06978804200002742	1
1327	1	2	0.00000141546076	0.29170999999999997	0.0	0.19043548300036214	0.055052751999937755	0.0462217649997001	1
1327	1	3	0.00000216925394	0.23631000000000002	0.0	0.13708147799979684	0.05830030300012368	0.04092821900007948	1
1327	1	4	0.00000424917476	0.24295	0.0	0.13175095199988318	0.06507080500000484	0.04612824300011198	1
1327	1	5	0.00000779634853	0.22788999999999998	0.0	0.116813879999993	0.04536103999998886	0.06571508000001813	1
1329	1	1	0.000001115606	0.43949	0.0	0.27076799400006096	0.09877256400000078	0.06994944199993824	1
1329	1	2	0.00000143612747	0.29667000000000004	0.0	0.18759541699983487	0.06292574799999784	0.04614883500016731	1
1329	1	3	0.00000220383734	0.24046	0.0	0.15029282399997734	0.049349849999998696	0.04081732600002397	1
1329	1	4	0.00000403550767	0.23013	0.0	0.13121185899998716	0.057229000000006636	0.0416891410000062	1
1329	1	5	0.00000775468178	0.22663999999999998	0.0	0.11771901199963634	0.07249933900016003	0.036421649000203615	1
1330	1	1	0.00000235327514	1.0335699999999999	0.0	0.8654107530000513	0.08220990199993139	0.08594934500001727	1
1330	1	2	0.00000264321322	0.5863700000000001	0.0	0.4952203110001511	0.04908213699991393	0.04206755199993495	1
1330	1	3	0.00000372909039	0.42349000000000003	0.0	0.3378633729997621	0.04417019600009553	0.0414564310001424	1
1330	1	4	0.00000542184378	0.31331000000000003	0.0	0.21920606599996842	0.051333513999907154	0.04277042000012443	1
1330	1	5	0.00000841168309	0.24634999999999999	0.0	0.17717898900001963	0.03702264000003197	0.032148370999948384	1
1356	1	1	0.00000168110713	0.71093	0.0	0.4580628589999757	0.17083327900002132	0.08203386200000296	1
1356	1	2	0.00000173021139	0.36725	0.0	0.2576199180000331	0.06772409099994547	0.04190599100002146	1
1356	1	3	0.0000024671712	0.27206	0.0	0.18933836700010812	0.04479022800001076	0.037931404999881124	1
1356	1	4	0.00000420167467	0.2401	0.0	0.15003498299985732	0.0528975290001199	0.037167488000022786	1
1356	1	5	0.00000736968101	0.21509	0.0	0.13539085900000813	0.034678250000069966	0.0450208909999219	1
1372	1	1	0.00000132523142	0.54011	0.0	0.3754962749999053	0.09924859500006278	0.06536513000003197	1
1372	1	2	0.00000153833601	0.3212	0.0	0.2178018109995275	0.05789664400026595	0.045501545000206534	1
1372	1	3	0.0000022174207	0.24209	0.0	0.15235289499995983	0.05147450000004028	0.038262604999999894	1
1372	1	4	0.00000393500747	0.2241	0.0	0.13000161300019644	0.051798727000004874	0.04229965999979868	1
1372	1	5	0.00000699834693	0.20395	0.0	0.12875898899998464	0.038739109999823995	0.036451901000191356	1
1376	1	1	0.00000239690023	1.05451	0.0	0.8480680250000385	0.1291150669999297	0.07732690800003184	1
1376	1	2	0.00000252471298	0.5579299999999999	0.0	0.46443132800010395	0.05172609999999622	0.04177257199989981	1
1376	1	3	0.00000372884039	0.42346	0.0	0.32768353700000713	0.055457157000091684	0.04031930599990119	1
1376	1	4	0.00000536117699	0.30967	0.0	0.2120437709997022	0.0413353440001174	0.056290885000180424	1
1376	1	5	0.00000847534988	0.24826	0.0	0.17405219100002772	0.03676785900006507	0.037439949999907185	1
1393	1	1	0.00000225756662	0.98763	0.0	0.8022579589999494	0.11315729600005398	0.07221474499999658	1
1393	1	2	0.00000254996303	0.56399	0.0	0.4388124050000317	0.07851716999994096	0.04666042500002732	1
1393	1	3	0.00000358717344	0.40646	0.0	0.3099962449999411	0.04587849399990773	0.05058526100015115	1
1393	1	4	0.00000502817632	0.28969	0.0	0.20941656099983397	0.04427155999997012	0.03600187900019591	1
1393	1	5	0.00000823768274	0.24113	0.0	0.1677210100000383	0.03615563999983351	0.037253350000128194	1
1430	1	1	0.00000146987754	0.60954	0.0	0.4424823639999049	0.08755152600008387	0.07950611000001118	1
1430	1	2	0.0000018477533	0.39546	0.0	0.2596963579997436	0.07643564699992567	0.0593279950003307	1
1430	1	3	0.00000257867142	0.28544	0.0	0.19102023299990964	0.04933497699994405	0.04508479000014631	1
1430	1	4	0.00000448667524	0.2572	0.0	0.14820614899984974	0.05784747900020193	0.051146371999948315	1
1430	1	5	0.00000711368049	0.20741	0.0	0.1297252800002481	0.04020845999980338	0.037476259999948525	1
1437	1	1	0.00000166414876	0.70279	0.0	0.4858625860000029	0.12217667300001267	0.09475074099998437	1
1437	1	2	0.00000175741978	0.37378	0.0	0.2752892760000698	0.057377842999812856	0.04111288100011734	1
1437	1	3	0.00000269833833	0.2998	0.0	0.21365409600002278	0.04219013200008703	0.0439557719998902	1
1437	1	4	0.00000464767556	0.26686000000000004	0.0	0.15687714699998048	0.0681512080000175	0.04183164500000203	1
1437	1	5	0.0000072186807	0.21056	0.0	0.13382714999990145	0.03948962999993455	0.037243220000164	1
1499	2	1	0.00000136098149	0.55727	0.0	0.1202560360000407	0.11551337800000283	0.32150058599995646	1
1499	2	2	0.00000158616944	0.33268000000000003	0.0	0.10438837399989978	0.05666785399989749	0.17162377200020273	1
1499	2	3	0.00000282500525	0.315	0.0	0.10446652800004813	0.03984338800000842	0.17069008399994345	1
1499	2	4	0.0000054328438	0.31397	0.0	0.10385883399995305	0.039075926999998956	0.17103523900004802	1
1499	2	5	0.00001042635379	0.30679	0.0	0.10447047199968353	0.05002191900007347	0.15229760900024303	1
1516	2	1	0.00000133768978	0.5460900000000001	0.0	0.12434613800008572	0.10437263699998311	0.3173712249999312	1
1516	2	2	0.00000173937808	0.36945	0.0	0.10433937100000838	0.06611327700011316	0.19899735199987845	1
1516	2	3	0.00000262575485	0.29108999999999996	0.0	0.10415119499959093	0.04749344599986216	0.1394453590005469	1
1516	2	4	0.0000055141773	0.31885	0.0	0.10388028599982374	0.04396003500005463	0.17100967900012165	1
1516	2	5	0.00001030368687	0.30311000000000005	0.0	0.10456820699999606	0.0462046669999836	0.15233712600002036	1
1528	2	1	0.00000133773144	0.54611	0.0	0.10532887300002028	0.10348108299996284	0.3373000440000169	1
1528	2	2	0.0000017813365	0.37951999999999997	0.0	0.11299004199922592	0.06931894300032582	0.19721101500044824	1
1528	2	3	0.00000271458836	0.30175	0.0	0.10504509600051097	0.04262516099970526	0.15407974299978378	1
1528	2	4	0.00000563367753	0.32602	0.0	0.1041089590001152	0.04958391399998163	0.17232712699990316	1
1528	2	5	0.00001014601989	0.29838	0.0	0.10457932700005847	0.04248226599997906	0.15131840699996246	1
1530	2	1	0.00000133037726	0.5425800000000001	0.0	0.12080540699993401	0.10104767500001799	0.32072691800004804	1
1530	2	2	0.00000157129441	0.32911	0.0	0.10431588900051736	0.04904389299963441	0.17575021799984825	1
1530	2	3	0.00000282625525	0.31515	0.0	0.10461907899990036	0.045232664000195655	0.16529825699990397	1
1530	2	4	0.00000589417805	0.34165	0.0	0.10399366999995016	0.054642014000023664	0.18301431600002616	1
1530	2	5	0.00001031235356	0.30337000000000003	0.0	0.10435017499994967	0.04510184700006903	0.1539179779999813	1
1531	2	1	0.00000136275233	0.5581200000000001	0.0	0.11787091600009819	0.11743448699996861	0.3228145969999332	1
1531	2	2	0.00000163854454	0.34525	0.0	0.12099259599941797	0.05237548200011588	0.17188192200046615	1
1531	2	3	0.00000270400501	0.30048	0.0	0.10453803899975583	0.04052971500004787	0.15541224600019632	1
1531	2	4	0.00000540901042	0.31254000000000004	0.0	0.10381014399989551	0.0464480260000073	0.16228183000009722	1
1531	2	5	0.0000102333534	0.301	0.0	0.10426452499980406	0.042711956999937684	0.15402351800025826	1
1557	2	1	0.00000131029389	0.5329400000000001	0.0	0.10448916100006408	0.11109354399997073	0.31735729499996523	1
1557	2	2	0.00000160775282	0.33786	0.0	0.1208053169997578	0.045490018999771564	0.17156466400047066	1
1557	2	3	0.00000271833837	0.30219999999999997	0.0	0.10456579199936386	0.04735613699995156	0.15027807100068458	1
1557	2	4	0.00000538934371	0.31136	0.0	0.10391566100016496	0.043517250999911994	0.16392708799992306	1
1557	2	5	0.00001048768724	0.30863	0.0	0.104574481999868	0.040723046000039176	0.16333247200009282	1
1573	2	1	0.00000116329359	0.46238	0.0	0.11999039400007348	0.10158769700001358	0.24080190899991294	1
1573	2	2	0.00000140071073	0.28817000000000004	0.0	0.10417252500038553	0.04388844300001438	0.14010903199960012	1
1573	2	3	0.00000275550511	0.30666000000000004	0.0	0.10415520500035945	0.09649435599976641	0.10601043899987417	1
1573	2	4	0.00000496950954	0.28617000000000004	0.0	0.10354786799988046	0.0459134750000203	0.13670865700009927	1
1573	2	5	0.00000887335068	0.2602	0.0	0.10433582100000893	0.04317865600000914	0.11268552299998191	1
1577	2	1	0.00000117248111	0.46679000000000004	0.0	0.11624401600004973	0.10555048800000577	0.24499549599994452	1
1577	2	2	0.00000144316915	0.29836	0.0	0.10429027199984137	0.06154498200021408	0.13252474599994457	1
1577	2	3	0.00000233925428	0.25671	0.0	0.1042354619993393	0.04433548299994072	0.10813905500071996	1
1577	2	4	0.00000466167559	0.2677	0.0	0.10413651900001714	0.04098092899994299	0.12258255200003987	1
1577	2	5	0.00000924435142	0.27133	0.0	0.10688095800011257	0.04898969800001396	0.11545934399987345	1
1594	2	1	0.00000119829366	0.47918	0.0	0.1155726890000471	0.1181542080000213	0.24545310299993162	1
1594	2	2	0.00000140600241	0.28944000000000003	0.0	0.10517617599997306	0.0577745870000399	0.12648923699998704	1
1594	2	3	0.0000023171709	0.25406	0.0	0.10420768499968341	0.04632765499991365	0.10352466000040295	1
1594	2	4	0.00000474350909	0.27261	0.0	0.10358925299989585	0.045751859000006334	0.12326888800009783	1
1594	2	5	0.00000943935181	0.27718000000000004	0.0	0.10479359600021934	0.04900921799981006	0.1233771859999706	1
1631	2	1	0.000001198002	0.47904	0.0	0.1042921579999666	0.11709726800000908	0.25765057400002433	1
1631	2	2	0.00000142204411	0.29329000000000005	0.0	0.1041711860001879	0.05804966100004094	0.13106915299977118	1
1631	2	3	0.00000243058779	0.26767	0.0	0.10427061599994153	0.04510536799989495	0.11829401600016354	1
1631	2	4	0.00000451600863	0.25895999999999997	0.0	0.10361238300003874	0.03945259399995393	0.11589502300000731	1
1631	2	5	0.00000893101746	0.26193	0.0	0.10387060799973159	0.04009752599995409	0.11796186600031433	1
1638	2	1	0.00000118310613	0.47189	0.0	0.12300269099998025	0.11114573900005098	0.23774156999996876	1
1638	2	2	0.00000143241913	0.29578	0.0	0.10439482499949486	0.059138689000064915	0.1322464860004402	1
1638	2	3	0.00000228092083	0.24971000000000002	0.0	0.10410641200036932	0.04272427400019296	0.10287931399943773	1
1638	2	4	0.00000466950894	0.26817	0.0	0.10360301600002453	0.047063408999974854	0.11750357500000064	1
1638	2	5	0.00000880801722	0.25824	0.0	0.10392424200006121	0.03756575499983228	0.11675000300010652	1
12052	3	1	0.00001311563	6.19949	0.62005	5.845663329999954	0.0	0.3538266700000463	1
12052	3	2	0.00001204898203	2.84375	0.75379	2.6697838649999994	0.0	0.17396613500000058	1
12052	3	3	0.00001307427575	1.54491	0.73927	1.4240497700000516	0.0	0.12086022999994839	1
12052	3	4	0.00001577086448	0.93425	0.88588	0.8472193439999756	0.0	0.08703065600002446	1
12052	3	5	0.00002119870866	0.6299600000000001	1.00392	0.5587021389999509	0.0	0.07125786100004916	1
12053	3	1	0.00001768026413	8.39051	0.0	8.138782334000036	0.0	0.2517276659999652	1
12053	3	2	0.00001649399092	3.91055	0.0	3.868429033999916	0.0	0.04212096600008408	1
12053	3	3	0.00001824286942	2.16514	0.0	2.122886260000022	0.0	0.04225373999997828	1
12053	3	4	0.00002083220793	1.2379300000000002	0.0	1.193779083000203	0.0	0.04415091699979712	1
12053	3	5	0.00002834605629	0.84438	0.0	0.7842046499999914	0.0	0.06017535000000862	1
12054	3	1	0.00001563967671	7.41103	0.0	7.188223355000009	0.0	0.22280664499999148	1
12054	3	2	0.00001451152862	3.4347600000000003	0.0	3.38395260100005	0.0	0.05080739899995024	1
12054	3	3	0.00001550286394	1.8363399999999999	0.0	1.795954129999977	0.0	0.040385870000022805	1
12054	3	4	0.00001834270295	1.08856	0.0	1.0450523770001314	0.0	0.043507622999868545	1
12054	3	5	0.00002403471434	0.71504	0.0	0.6658076199998514	0.0	0.04923238000014862	1
12055	3	1	0.00001575696861	7.4673300000000005	0.0	7.247099039999963	0.0	0.2202309600000376	1
12055	3	2	0.00001451007029	3.4344099999999997	0.0	3.3802709000000704	0.0	0.054139099999929385	1
12055	3	3	0.00001562019751	1.8504200000000002	0.0	1.8080001700000286	0.0	0.042419829999971626	1
12055	3	4	0.00001812686919	1.07561	0.0	1.032714436999998	0.0	0.04289556300000186	1
12055	3	5	0.0000249167161	0.7415	0.0	0.6983623499999376	0.0	0.04313765000006242	1
12056	3	1	0.00001423602807	6.73728	0.0	6.510141700999953	0.0	0.22713829900004612	1
12056	3	2	0.00001353998501	3.2015900000000004	0.0	3.162083824999958	0.0	0.039506175000042276	1
12056	3	3	0.00001364077688	1.6128900000000002	0.0	1.573758249999976	0.0	0.03913175000002411	1
12056	3	4	0.00001648069923	0.97684	0.0	0.9315782260000177	0.0	0.045261773999982324	1
12056	3	5	0.00002180804322	0.64824	0.0	0.6058807790000303	0.0	0.04235922099996969	1
12057	3	1	0.00001421723637	6.728260000000001	0.0	6.503118382000048	0.0	0.22514161799995236	1
12057	3	2	0.0000132158177	3.12379	0.0	3.0724629499999456	0.0	0.05132705000005444	1
12057	3	3	0.00001411202782	1.66944	0.0	1.6261718200000728	0.0	0.04326817999992727	1
12057	3	4	0.00001593003146	0.9438	0.0	0.900415364000072	0.0	0.04338463599992792	1
12057	3	5	0.00002287737869	0.68032	0.0	0.6389690000001504	0.0	0.04135099999984959	1
12058	3	1	0.00001415769458	6.699680000000001	0.0	6.465666406000025	0.0	0.23401359399997546	1
12058	3	2	0.00001354523502	3.20285	0.0	3.1514164200001336	0.0	0.0514335799998662	1
12058	3	3	0.00001387727735	1.64127	0.0	1.6058609500000016	0.0	0.03540904999999839	1
12058	3	4	0.00001630553221	0.96633	0.0	0.921327431000038	0.0	0.04500256899996202	1
12058	3	5	0.00002242271111	0.6666799999999999	0.0	0.6225285000000018	0.0	0.04415149999999812	1
12059	3	1	0.00001514590489	7.1740200000000005	0.0	6.974162434000009	0.0	0.1998575659999915	1
12059	3	2	0.00001402440265	3.31785	0.0	3.2743838840000095	0.0	0.04346611599999051	1
12059	3	3	0.00001495861285	1.77103	0.0	1.727607399999901	0.0	0.04342260000009901	1
12059	3	4	0.0000173005342	1.02603	0.0	0.9868345810000476	0.0	0.03919541899995238	1
12059	3	5	0.00002288837871	0.68065	0.0	0.6377343300000433	0.0	0.04291566999995666	1
12060	3	1	0.000014199778	6.71988	0.0	6.49605915899998	0.0	0.22382084100001975	1
12060	3	2	0.00001291798377	3.05231	0.0	2.9924461269999596	0.0	0.05986387300004026	1
12060	3	3	0.00001387761069	1.64131	0.0	1.5983480300000352	0.0	0.04296196999996482	1
12060	3	4	0.00001632586559	0.96755	0.0	0.9227986959998987	0.0	0.0447513040001013	1
12060	3	5	0.00002216337726	0.6589	0.0	0.6191185700000519	0.0	0.03978142999994816	1
12061	3	1	0.00001415161124	6.69676	0.0	6.468439043999996	0.0	0.22832095600000457	1
12061	3	2	0.00001258669144	2.9728000000000003	0.0	2.9319807050001083	0.0	0.04081929499989201	1
12061	3	3	0.000014034611	1.66015	0.0	1.6201007300000596	0.0	0.04004926999994041	1
12061	3	4	0.00001676253313	0.99375	0.0	0.945745628999839	0.0	0.04800437100016097	1
12061	3	5	0.00002283271193	0.67898	0.0	0.6370206100001256	0.0	0.041959389999874475	1
12062	3	1	0.00001296037969	6.12497	0.0	5.886494099000042	0.0	0.2384759009999584	1
12062	3	2	0.00001164006455	2.74561	0.0	2.702210433999938	0.0	0.043399566000061895	1
12062	3	3	0.00001291660877	1.52599	0.0	1.4859652999999964	0.0	0.04002470000000358	1
12062	3	4	0.00001496969621	0.88618	0.0	0.8398707849999352	0.0	0.046309215000064796	1
12062	3	5	0.00001971937237	0.5855800000000001	0.0	0.5443376299998092	0.0	0.04124237000019093	1
12063	3	1	0.00001245539951	5.88258	0.0	5.776530840999992	0.0	0.10604915900000833	1
12063	3	2	0.00001194685683	2.8192399999999997	0.0	2.7819974759999786	0.0	0.03724252400002115	1
12063	3	3	0.00001249735793	1.47568	0.0	1.4359545599999026	0.0	0.03972544000009748	1
12063	3	4	0.00001486202932	0.8797200000000001	0.0	0.8377071920000188	0.0	0.042012807999981305	1
12063	3	5	0.00001968703897	0.5846100000000001	0.0	0.5426765200001022	0.0	0.04193347999989783	1
12064	3	1	0.00001282500442	6.05999	0.0	5.836874815000017	0.0	0.22311518499998328	1
12064	3	2	0.00001118281363	2.63587	0.0	2.5951263539999903	0.0	0.0407436460000099	1
12064	3	3	0.00001258744144	1.48649	0.0	1.4408467109999459	0.0	0.04564328900005421	1
12064	3	4	0.00001473952908	0.87237	0.0	0.8268959629999236	0.0	0.04547403700007635	1
12064	3	5	0.00002004003968	0.5952000000000001	0.0	0.5518655809999248	0.0	0.043334419000075286	1
12065	3	1	0.00001292237961	6.10673	0.0	5.867075302000019	0.0	0.23965469799998118	1
12065	3	2	0.00001148614757	2.70867	0.0	2.647746905999855	0.0	0.060923094000145284	1
12065	3	3	0.00001257827476	1.4853900000000002	0.0	1.444661999999942	0.0	0.04072800000005827	1
12065	3	4	0.00001479969587	0.8759800000000001	0.0	0.8308783780000526	0.0	0.04510162199994738	1
12065	3	5	0.00002049170725	0.60875	0.0	0.5625083700000596	0.0	0.046241629999940415	1
12066	3	1	0.00001265550408	5.97863	0.0	5.876845281000034	0.0	0.10178471899996566	1
12066	3	2	0.00001190448174	2.80907	0.0	2.747680956000048	0.0	0.061389043999952264	1
12066	3	3	0.00001284994197	1.51799	0.0	1.4796893599998977	0.0	0.03830064000010225	1
12066	3	4	0.00001482752926	0.87765	0.0	0.8327836580000225	0.0	0.04486634199997752	1
12066	3	5	0.00002019570666	0.59987	0.0	0.5569155699999911	0.0	0.04295443000000887	1
12067	4	1	0.00000419804966	1.91906	0.74828	0.022764341999957652	1.7967865410000172	0.09950911700002507	1
12067	4	2	0.00000456342539	1.04722	0.73489	0.00561231700165331	0.9769893989982847	0.06461828400006198	1
12067	4	3	0.00000678992985	0.79079	0.66362	0.005138614999948913	0.7355546810000533	0.05009670399999777	1
12067	4	4	0.00001440352841	0.85221	0.72155	0.00530881199993928	0.7990548410000429	0.047846347000017886	1
12067	4	5	0.00002629871886	0.7829600000000001	0.80679	0.006160288000043692	0.7325430149999193	0.04425669700003709	1

#<bucket_range_id> <size1_gb> <size2_gb> <cost_per_gb>
1	0	51200	0.0405
2	51200	460800	0.0390
3	460800	99999999999999	0.0370
