#<#tasks> <#config> <#data> <#vms> <#buckets> <#bucket_ranges> <max_running_time> <max_financial_cost>
61	5	180	5	1	3	666.5306168179908	0.01133818154585

#<task_id> <activity_id> <task_type__0-VM__1-VM_FX> <vm_cpu_time> <n_input> [<id_input>...] <n_output> [<id_output>...]
1	1	1	0.00787942495662719	1	[1]	1	[2]
2	1	1	0.0343441340373829	1	[3]	1	[4]
23	1	1	0.04465773596893996	1	[19]	1	[20]
24	1	1	0.01601744897197932	1	[21]	1	[22]
25	1	1	0.05255613604094833	1	[23]	1	[24]
26	1	1	0.06572698906529695	1	[25]	1	[26]
27	1	1	0.03475167299620807	1	[27]	1	[28]
28	1	1	0.0490737110376358	1	[29]	1	[30]
29	1	1	0.03265339299105108	1	[31]	1	[32]
30	1	1	0.05697830196004361	1	[33]	1	[34]
731	1	1	0.03275391599163413	1	[120]	1	[121]
732	1	1	0.01789790904149413	1	[122]	1	[123]
733	1	1	0.021487312042154372	1	[124]	1	[125]
734	1	1	0.025587909971363842	1	[126]	1	[127]
735	1	1	0.09283307299483567	1	[128]	1	[129]
736	1	1	0.049698633956722915	1	[130]	1	[131]
737	1	1	0.02800232102163136	1	[132]	1	[133]
738	1	1	0.06214573699980974	1	[134]	1	[135]
739	1	1	0.037005863967351615	1	[136]	1	[137]
740	1	1	0.03317971096839756	1	[138]	1	[139]
9	2	1	0.0011416049674153328	1	[2]	3	[5,6,7]
10	2	1	0.0035966900177299976	1	[4]	8	[8,9,10,11,12,13,14,15]
33	2	1	0.0024117300054058433	1	[20]	7	[35,36,37,38,39,40,41]
34	2	1	0.0024183369241654873	1	[22]	6	[42,43,44,45,46,47]
35	2	1	0.003143772017210722	1	[24]	7	[48,49,50,51,52,53,54]
36	2	1	0.0023759009782224894	1	[26]	7	[55,56,57,58,59,60,61]
37	2	1	0.0030807629227638245	1	[28]	8	[62,63,64,65,66,67,68,69]
38	2	1	0.002490245969966054	1	[30]	7	[70,71,72,73,74,75,76]
39	2	1	0.0021708999993279576	1	[32]	6	[77,78,79,80,81,82]
40	2	1	0.002841876004822552	1	[34]	7	[83,84,85,86,87,88,89]
751	2	1	0.002255946979857981	1	[121]	6	[140,141,142,143,144,145]
752	2	1	0.0021418259711936116	1	[123]	6	[146,147,148,149,150,151]
753	2	1	0.0019898810423910618	1	[125]	5	[152,153,154,155,156]
754	2	1	0.0022385389311239123	1	[127]	6	[157,158,159,160,161,162]
755	2	1	0.0019858310697600245	1	[129]	5	[163,164,165,166,167]
756	2	1	0.0017152180662378669	1	[131]	5	[168,169,170,171,172]
757	2	1	0.0016631500329822302	1	[133]	5	[173,174,175,176,177]
758	2	1	0.001902870018966496	1	[135]	5	[178,179,180,181,182]
759	2	1	0.0017432570457458496	1	[137]	5	[183,184,185,186,187]
760	2	1	0.002027297974564135	1	[139]	5	[188,189,190,191,192]
761	3	1	0.18512830801773816	119	[5,6,7,8,9,10,11,12,13,14,15,35,36,37,38,39,40,41,42,43,44,45,46,47,48,49,50,51,52,53,54,55,56,57,58,59,60,61,62,63,64,65,66,67,68,69,70,71,72,73,74,75,76,77,78,79,80,81,82,83,84,85,86,87,88,89,140,141,142,143,144,145,146,147,148,149,150,151,152,153,154,155,156,157,158,159,160,161,162,163,164,165,166,167,168,169,170,171,172,173,174,175,176,177,178,179,180,181,182,183,184,185,186,187,188,189,190,191,192]	1	[16]
762	3	1	0.6341457839589566	119	[5,6,7,8,9,10,11,12,13,14,15,35,36,37,38,39,40,41,42,43,44,45,46,47,48,49,50,51,52,53,54,55,56,57,58,59,60,61,62,63,64,65,66,67,68,69,70,71,72,73,74,75,76,77,78,79,80,81,82,83,84,85,86,87,88,89,140,141,142,143,144,145,146,147,148,149,150,151,152,153,154,155,156,157,158,159,160,161,162,163,164,165,166,167,168,169,170,171,172,173,174,175,176,177,178,179,180,181,182,183,184,185,186,187,188,189,190,191,192]	1	[90]
763	3	1	0.6330415619304404	119	[5,6,7,8,9,10,11,12,13,14,15,35,36,37,38,39,40,41,42,43,44,45,46,47,48,49,50,51,52,53,54,55,56,57,58,59,60,61,62,63,64,65,66,67,68,69,70,71,72,73,74,75,76,77,78,79,80,81,82,83,84,85,86,87,88,89,140,141,142,143,144,145,146,147,148,149,150,151,152,153,154,155,156,157,158,159,160,161,162,163,164,165,166,167,168,169,170,171,172,173,174,175,176,177,178,179,180,181,182,183,184,185,186,187,188,189,190,191,192]	1	[95]
764	3	1	0.4782317919889465	119	[5,6,7,8,9,10,11,12,13,14,15,35,36,37,38,39,40,41,42,43,44,45,46,47,48,49,50,51,52,53,54,55,56,57,58,59,60,61,62,63,64,65,66,67,68,69,70,71,72,73,74,75,76,77,78,79,80,81,82,83,84,85,86,87,88,89,140,141,142,143,144,145,146,147,148,149,150,151,152,153,154,155,156,157,158,159,160,161,162,163,164,165,166,167,168,169,170,171,172,173,174,175,176,177,178,179,180,181,182,183,184,185,186,187,188,189,190,191,192]	1	[91]
765	3	1	0.4877287580166012	119	[5,6,7,8,9,10,11,12,13,14,15,35,36,37,38,39,40,41,42,43,44,45,46,47,48,49,50,51,52,53,54,55,56,57,58,59,60,61,62,63,64,65,66,67,68,69,70,71,72,73,74,75,76,77,78,79,80,81,82,83,84,85,86,87,88,89,140,141,142,143,144,145,146,147,148,149,150,151,152,153,154,155,156,157,158,159,160,161,162,163,164,165,166,167,168,169,170,171,172,173,174,175,176,177,178,179,180,181,182,183,184,185,186,187,188,189,190,191,192]	1	[93]
766	3	1	0.45325911697000265	119	[5,6,7,8,9,10,11,12,13,14,15,35,36,37,38,39,40,41,42,43,44,45,46,47,48,49,50,51,52,53,54,55,56,57,58,59,60,61,62,63,64,65,66,67,68,69,70,71,72,73,74,75,76,77,78,79,80,81,82,83,84,85,86,87,88,89,140,141,142,143,144,145,146,147,148,149,150,151,152,153,154,155,156,157,158,159,160,161,162,163,164,165,166,167,168,169,170,171,172,173,174,175,176,177,178,179,180,181,182,183,184,185,186,187,188,189,190,191,192]	1	[94]
767	3	1	0.4751647189259529	119	[5,6,7,8,9,10,11,12,13,14,15,35,36,37,38,39,40,41,42,43,44,45,46,47,48,49,50,51,52,53,54,55,56,57,58,59,60,61,62,63,64,65,66,67,68,69,70,71,72,73,74,75,76,77,78,79,80,81,82,83,84,85,86,87,88,89,140,141,142,143,144,145,146,147,148,149,150,151,152,153,154,155,156,157,158,159,160,161,162,163,164,165,166,167,168,169,170,171,172,173,174,175,176,177,178,179,180,181,182,183,184,185,186,187,188,189,190,191,192]	1	[96]
768	3	1	0.40214527305215597	119	[5,6,7,8,9,10,11,12,13,14,15,35,36,37,38,39,40,41,42,43,44,45,46,47,48,49,50,51,52,53,54,55,56,57,58,59,60,61,62,63,64,65,66,67,68,69,70,71,72,73,74,75,76,77,78,79,80,81,82,83,84,85,86,87,88,89,140,141,142,143,144,145,146,147,148,149,150,151,152,153,154,155,156,157,158,159,160,161,162,163,164,165,166,167,168,169,170,171,172,173,174,175,176,177,178,179,180,181,182,183,184,185,186,187,188,189,190,191,192]	1	[97]
769	3	1	0.5088879190152511	119	[5,6,7,8,9,10,11,12,13,14,15,35,36,37,38,39,40,41,42,43,44,45,46,47,48,49,50,51,52,53,54,55,56,57,58,59,60,61,62,63,64,65,66,67,68,69,70,71,72,73,74,75,76,77,78,79,80,81,82,83,84,85,86,87,88,89,140,141,142,143,144,145,146,147,148,149,150,151,152,153,154,155,156,157,158,159,160,161,162,163,164,165,166,167,168,169,170,171,172,173,174,175,176,177,178,179,180,181,182,183,184,185,186,187,188,189,190,191,192]	1	[98]
770	3	1	0.391520144068636	119	[5,6,7,8,9,10,11,12,13,14,15,35,36,37,38,39,40,41,42,43,44,45,46,47,48,49,50,51,52,53,54,55,56,57,58,59,60,61,62,63,64,65,66,67,68,69,70,71,72,73,74,75,76,77,78,79,80,81,82,83,84,85,86,87,88,89,140,141,142,143,144,145,146,147,148,149,150,151,152,153,154,155,156,157,158,159,160,161,162,163,164,165,166,167,168,169,170,171,172,173,174,175,176,177,178,179,180,181,182,183,184,185,186,187,188,189,190,191,192]	1	[92]
771	3	1	0.3792929910123348	119	[5,6,7,8,9,10,11,12,13,14,15,35,36,37,38,39,40,41,42,43,44,45,46,47,48,49,50,51,52,53,54,55,56,57,58,59,60,61,62,63,64,65,66,67,68,69,70,71,72,73,74,75,76,77,78,79,80,81,82,83,84,85,86,87,88,89,140,141,142,143,144,145,146,147,148,149,150,151,152,153,154,155,156,157,158,159,160,161,162,163,164,165,166,167,168,169,170,171,172,173,174,175,176,177,178,179,180,181,182,183,184,185,186,187,188,189,190,191,192]	1	[193]
772	3	1	0.4344723380636424	119	[5,6,7,8,9,10,11,12,13,14,15,35,36,37,38,39,40,41,42,43,44,45,46,47,48,49,50,51,52,53,54,55,56,57,58,59,60,61,62,63,64,65,66,67,68,69,70,71,72,73,74,75,76,77,78,79,80,81,82,83,84,85,86,87,88,89,140,141,142,143,144,145,146,147,148,149,150,151,152,153,154,155,156,157,158,159,160,161,162,163,164,165,166,167,168,169,170,171,172,173,174,175,176,177,178,179,180,181,182,183,184,185,186,187,188,189,190,191,192]	1	[194]
773	3	1	0.32773387304041535	119	[5,6,7,8,9,10,11,12,13,14,15,35,36,37,38,39,40,41,42,43,44,45,46,47,48,49,50,51,52,53,54,55,56,57,58,59,60,61,62,63,64,65,66,67,68,69,70,71,72,73,74,75,76,77,78,79,80,81,82,83,84,85,86,87,88,89,140,141,142,143,144,145,146,147,148,149,150,151,152,153,154,155,156,157,158,159,160,161,162,163,164,165,166,167,168,169,170,171,172,173,174,175,176,177,178,179,180,181,182,183,184,185,186,187,188,189,190,191,192]	1	[195]
774	3	1	0.4117815960198641	119	[5,6,7,8,9,10,11,12,13,14,15,35,36,37,38,39,40,41,42,43,44,45,46,47,48,49,50,51,52,53,54,55,56,57,58,59,60,61,62,63,64,65,66,67,68,69,70,71,72,73,74,75,76,77,78,79,80,81,82,83,84,85,86,87,88,89,140,141,142,143,144,145,146,147,148,149,150,151,152,153,154,155,156,157,158,159,160,161,162,163,164,165,166,167,168,169,170,171,172,173,174,175,176,177,178,179,180,181,182,183,184,185,186,187,188,189,190,191,192]	1	[196]
775	3	1	0.3317165960324928	119	[5,6,7,8,9,10,11,12,13,14,15,35,36,37,38,39,40,41,42,43,44,45,46,47,48,49,50,51,52,53,54,55,56,57,58,59,60,61,62,63,64,65,66,67,68,69,70,71,72,73,74,75,76,77,78,79,80,81,82,83,84,85,86,87,88,89,140,141,142,143,144,145,146,147,148,149,150,151,152,153,154,155,156,157,158,159,160,161,162,163,164,165,166,167,168,169,170,171,172,173,174,175,176,177,178,179,180,181,182,183,184,185,186,187,188,189,190,191,192]	1	[197]
776	3	1	0.3193225699942559	119	[5,6,7,8,9,10,11,12,13,14,15,35,36,37,38,39,40,41,42,43,44,45,46,47,48,49,50,51,52,53,54,55,56,57,58,59,60,61,62,63,64,65,66,67,68,69,70,71,72,73,74,75,76,77,78,79,80,81,82,83,84,85,86,87,88,89,140,141,142,143,144,145,146,147,148,149,150,151,152,153,154,155,156,157,158,159,160,161,162,163,164,165,166,167,168,169,170,171,172,173,174,175,176,177,178,179,180,181,182,183,184,185,186,187,188,189,190,191,192]	1	[198]
777	3	1	0.3140751360915601	119	[5,6,7,8,9,10,11,12,13,14,15,35,36,37,38,39,40,41,42,43,44,45,46,47,48,49,50,51,52,53,54,55,56,57,58,59,60,61,62,63,64,65,66,67,68,69,70,71,72,73,74,75,76,77,78,79,80,81,82,83,84,85,86,87,88,89,140,141,142,143,144,145,146,147,148,149,150,151,152,153,154,155,156,157,158,159,160,161,162,163,164,165,166,167,168,169,170,171,172,173,174,175,176,177,178,179,180,181,182,183,184,185,186,187,188,189,190,191,192]	1	[199]
778	3	1	0.321119386004284	119	[5,6,7,8,9,10,11,12,13,14,15,35,36,37,38,39,40,41,42,43,44,45,46,47,48,49,50,51,52,53,54,55,56,57,58,59,60,61,62,63,64,65,66,67,68,69,70,71,72,73,74,75,76,77,78,79,80,81,82,83,84,85,86,87,88,89,140,141,142,143,144,145,146,147,148,149,150,151,152,153,154,155,156,157,158,159,160,161,162,163,164,165,166,167,168,169,170,171,172,173,174,175,176,177,178,179,180,181,182,183,184,185,186,187,188,189,190,191,192]	1	[200]
779	3	1	0.31737750105094165	119	[5,6,7,8,9,10,11,12,13,14,15,35,36,37,38,39,40,41,42,43,44,45,46,47,48,49,50,51,52,53,54,55,56,57,58,59,60,61,62,63,64,65,66,67,68,69,70,71,72,73,74,75,76,77,78,79,80,81,82,83,84,85,86,87,88,89,140,141,142,143,144,145,146,147,148,149,150,151,152,153,154,155,156,157,158,159,160,161,162,163,164,165,166,167,168,169,170,171,172,173,174,175,176,177,178,179,180,181,182,183,184,185,186,187,188,189,190,191,192]	1	[201]
780	3	1	0.32108966598752886	119	[5,6,7,8,9,10,11,12,13,14,15,35,36,37,38,39,40,41,42,43,44,45,46,47,48,49,50,51,52,53,54,55,56,57,58,59,60,61,62,63,64,65,66,67,68,69,70,71,72,73,74,75,76,77,78,79,80,81,82,83,84,85,86,87,88,89,140,141,142,143,144,145,146,147,148,149,150,151,152,153,154,155,156,157,158,159,160,161,162,163,164,165,166,167,168,169,170,171,172,173,174,175,176,177,178,179,180,181,182,183,184,185,186,187,188,189,190,191,192]	1	[202]
781	4	1	0.0008747871033847332	20	[16,90,91,92,93,94,95,96,97,98,193,194,195,196,197,198,199,200,201,202]	1	[203]

#<data_id> <data_size> <read_time_avg> <write_time_avg> <is_static> <n_source_devices> [<device_id>...]
1	1662	0.1801347232000353	None	1	1	[denethor_bucket]
2	339	0.18181850919996806	0.06011901919995921	0	0	[denethor_bucket]
3	2666	0.07677614779996703	None	1	1	[denethor_bucket]
4	640	0.06288634819995878	0.051479268399958755	0	0	[denethor_bucket]
5	185	0.1221122376881781	0.054279880999990836	0	0	[denethor_bucket]
6	185	0.1221122376881781	0.051157441000077596	0	0	[denethor_bucket]
7	339	0.12776875167474633	0.045399098200130085	0	0	[denethor_bucket]
8	187	0.1221122376881781	0.04396531800008461	0	0	[denethor_bucket]
9	245	0.12317064854079159	0.05092863399992211	0	0	[denethor_bucket]
10	301	0.12776875167474633	0.044540855000116154	0	0	[denethor_bucket]
11	191	0.1221122376881781	0.0524695778000023	0	0	[denethor_bucket]
12	421	0.11984930817943615	0.048388865200058716	0	0	[denethor_bucket]
13	481	0.11984930817943615	0.04849854639990099	0	0	[denethor_bucket]
14	539	0.1297431537769122	0.044590219400106434	0	0	[denethor_bucket]
15	640	0.1297431537769122	0.051356594400044746	0	0	[denethor_bucket]
16	185	0.16323475300002885	0.15260427059999984	0	0	[denethor_bucket]
19	3358	0.070302261799975	None	1	1	[denethor_bucket]
20	595	0.05755995919994348	0.04892911679996814	0	0	[denethor_bucket]
21	2439	0.07204994480001688	None	1	1	[denethor_bucket]
22	521	0.05515999059994101	0.04976426419996756	0	0	[denethor_bucket]
23	3213	0.09580446879996317	None	1	1	[denethor_bucket]
24	581	0.053924142800087796	0.05065440919995012	0	0	[denethor_bucket]
25	3265	0.06310290460004353	None	1	1	[denethor_bucket]
26	567	0.057867365400022665	0.05424440799997115	0	0	[denethor_bucket]
27	2666	0.07619229079995762	None	1	1	[denethor_bucket]
28	640	0.05699627720008493	0.05115531560006161	0	0	[denethor_bucket]
29	3224	0.06380864879997716	None	1	1	[denethor_bucket]
30	575	0.0616332672000226	0.05289206399993986	0	0	[denethor_bucket]
31	2771	0.06763740359996291	None	1	1	[denethor_bucket]
32	511	0.054477044999975986	0.049858320599992116	0	0	[denethor_bucket]
33	2627	0.06962548979997792	None	1	1	[denethor_bucket]
34	563	0.05875785560007216	0.0530529097999704	0	0	[denethor_bucket]
35	187	0.1221122376881781	0.04827701979996846	0	0	[denethor_bucket]
36	245	0.12317064854079159	0.04750337299989269	0	0	[denethor_bucket]
37	309	0.12776875167474633	0.04473065319998568	0	0	[denethor_bucket]
38	199	0.1221122376881781	0.04720855660003736	0	0	[denethor_bucket]
39	367	0.12776875167474633	0.04505030759997908	0	0	[denethor_bucket]
40	187	0.1221122376881781	0.051568097999984276	0	0	[denethor_bucket]
41	595	0.1297431537769122	0.04666981779997741	0	0	[denethor_bucket]
42	185	0.1221122376881781	0.04653598700009525	0	0	[denethor_bucket]
43	249	0.12317064854079159	0.04997580679995508	0	0	[denethor_bucket]
44	187	0.1221122376881781	0.04593969499994728	0	0	[denethor_bucket]
45	305	0.12776875167474633	0.04851897119997375	0	0	[denethor_bucket]
46	187	0.1221122376881781	0.04326706659995807	0	0	[denethor_bucket]
47	521	0.1297431537769122	0.04816624420005838	0	0	[denethor_bucket]
48	187	0.1221122376881781	0.04805244299989227	0	0	[denethor_bucket]
49	191	0.1221122376881781	0.04202769299996589	0	0	[denethor_bucket]
50	243	0.12317064854079159	0.04639507380005625	0	0	[denethor_bucket]
51	363	0.12776875167474633	0.04727542980007229	0	0	[denethor_bucket]
52	421	0.11984930817943615	0.05314910780015225	0	0	[denethor_bucket]
53	191	0.1221122376881781	0.05290661999991926	0	0	[denethor_bucket]
54	581	0.1297431537769122	0.052448230000027254	0	0	[denethor_bucket]
55	187	0.1221122376881781	0.0460016914000903	0	0	[denethor_bucket]
56	187	0.1221122376881781	0.054112088800059154	0	0	[denethor_bucket]
57	183	0.1221122376881781	0.04823737579996532	0	0	[denethor_bucket]
58	239	0.12317064854079159	0.04798209139996743	0	0	[denethor_bucket]
59	355	0.12776875167474633	0.0441323713999509	0	0	[denethor_bucket]
60	243	0.12317064854079159	0.048592551199988065	0	0	[denethor_bucket]
61	567	0.1297431537769122	0.055463650000035614	0	0	[denethor_bucket]
62	187	0.1221122376881781	0.04765013520003549	0	0	[denethor_bucket]
63	245	0.12317064854079159	0.04568388620003816	0	0	[denethor_bucket]
64	301	0.12776875167474633	0.04724254799997425	0	0	[denethor_bucket]
65	191	0.1221122376881781	0.05289210879992652	0	0	[denethor_bucket]
66	421	0.11984930817943615	0.05085278180006299	0	0	[denethor_bucket]
67	481	0.11984930817943615	0.04544201179994616	0	0	[denethor_bucket]
68	539	0.1297431537769122	0.046705604199996746	0	0	[denethor_bucket]
69	640	0.1297431537769122	0.050598247999937486	0	0	[denethor_bucket]
70	187	0.1221122376881781	0.044243834999963386	0	0	[denethor_bucket]
71	243	0.12317064854079159	0.046865436000007324	0	0	[denethor_bucket]
72	299	0.12317064854079159	0.0490589876000513	0	0	[denethor_bucket]
73	187	0.1221122376881781	0.05056844379997756	0	0	[denethor_bucket]
74	183	0.1221122376881781	0.049607826800047404	0	0	[denethor_bucket]
75	415	0.11984930817943615	0.0435476180000137	0	0	[denethor_bucket]
76	575	0.1297431537769122	0.05001661480000621	0	0	[denethor_bucket]
77	187	0.1221122376881781	0.04638370540000097	0	0	[denethor_bucket]
78	183	0.1221122376881781	0.05598036940001521	0	0	[denethor_bucket]
79	299	0.12317064854079159	0.0515668910000386	0	0	[denethor_bucket]
80	357	0.12776875167474633	0.04673323759997174	0	0	[denethor_bucket]
81	185	0.1221122376881781	0.048934007999969255	0	0	[denethor_bucket]
82	511	0.1297431537769122	0.05243868599995949	0	0	[denethor_bucket]
83	183	0.1221122376881781	0.04427307099992959	0	0	[denethor_bucket]
84	239	0.12317064854079159	0.04950232419992062	0	0	[denethor_bucket]
85	183	0.1221122376881781	0.04931722320005747	0	0	[denethor_bucket]
86	297	0.12317064854079159	0.04521375219994752	0	0	[denethor_bucket]
87	353	0.12776875167474633	0.05199541859992678	0	0	[denethor_bucket]
88	465	0.11984930817943615	0.05085488039989059	0	0	[denethor_bucket]
89	563	0.1297431537769122	0.04928114020007115	0	0	[denethor_bucket]
90	5180	0.08064169839983037	0.09907208280006899	0	0	[denethor_bucket]
91	355	0.07026398879995668	0.09030310800001189	0	0	[denethor_bucket]
92	314	0.06741419840009258	0.08948821280002904	0	0	[denethor_bucket]
93	355	0.0780949229999635	0.09425797700000658	0	0	[denethor_bucket]
94	355	0.06880022839990829	0.09336815139995451	0	0	[denethor_bucket]
95	5134	0.06740692699995635	0.10215240960001211	0	0	[denethor_bucket]
96	355	0.06257187079999085	0.09318563060000998	0	0	[denethor_bucket]
97	314	0.06465142719998199	0.09665377860001172	0	0	[denethor_bucket]
98	355	0.06980396419994576	0.09062953059999472	0	0	[denethor_bucket]
120	3233	0.07033033359993511	None	1	1	[denethor_bucket]
121	527	0.06391201620003813	0.046990800399936465	0	0	[denethor_bucket]
122	1865	0.07098726659991712	None	1	1	[denethor_bucket]
123	514	0.060686144399949175	0.049686055799907085	0	0	[denethor_bucket]
124	2258	0.07983169820007562	None	1	1	[denethor_bucket]
125	453	0.05699135900001693	0.051871387799951665	0	0	[denethor_bucket]
126	4105	0.06700206219998109	None	1	1	[denethor_bucket]
127	515	0.06080499140001621	0.047132389800037804	0	0	[denethor_bucket]
128	4715	0.06229245639991632	None	1	1	[denethor_bucket]
129	465	0.0527628772000071	0.04944389840002259	0	0	[denethor_bucket]
130	4851	0.06514709960008531	None	1	1	[denethor_bucket]
131	465	0.05585174680002183	0.049625866599916434	0	0	[denethor_bucket]
132	4496	0.07334463540001367	None	1	1	[denethor_bucket]
133	463	0.06438731459995779	0.04851857080002447	0	0	[denethor_bucket]
134	4047	0.06355701100000033	None	1	1	[denethor_bucket]
135	465	0.05595392639994543	0.05040806820001081	0	0	[denethor_bucket]
136	4012	0.06259128099998179	None	1	1	[denethor_bucket]
137	455	0.05758958140006598	0.04849665140008028	0	0	[denethor_bucket]
138	2659	0.06299372300012465	None	1	1	[denethor_bucket]
139	457	0.05712626699998964	0.04811505820005096	0	0	[denethor_bucket]
140	185	0.1221122376881781	0.046211761200004274	0	0	[denethor_bucket]
141	199	0.1221122376881781	0.05153806700001269	0	0	[denethor_bucket]
142	185	0.1221122376881781	0.051996959399969005	0	0	[denethor_bucket]
143	187	0.1221122376881781	0.05154993119991787	0	0	[denethor_bucket]
144	313	0.12776875167474633	0.04652441300004284	0	0	[denethor_bucket]
145	527	0.1297431537769122	0.04963966600009826	0	0	[denethor_bucket]
146	185	0.1221122376881781	0.04683172380009637	0	0	[denethor_bucket]
147	183	0.1221122376881781	0.05026169639994578	0	0	[denethor_bucket]
148	297	0.12317064854079159	0.04800703440001826	0	0	[denethor_bucket]
149	355	0.12776875167474633	0.05095242059995826	0	0	[denethor_bucket]
150	413	0.11984930817943615	0.12277652340011401	0	0	[denethor_bucket]
151	513	0.1297431537769122	0.05293236580008625	0	0	[denethor_bucket]
152	185	0.1221122376881781	0.047681663199989545	0	0	[denethor_bucket]
153	243	0.12317064854079159	0.0481720011999073	0	0	[denethor_bucket]
154	299	0.12317064854079159	0.04822377419995973	0	0	[denethor_bucket]
155	185	0.1221122376881781	0.0430520076001244	0	0	[denethor_bucket]
156	453	0.11984930817943615	0.051104210399921614	0	0	[denethor_bucket]
157	185	0.1221122376881781	0.044815037999967444	0	0	[denethor_bucket]
158	249	0.12317064854079159	0.048212979799893675	0	0	[denethor_bucket]
159	305	0.12776875167474633	0.0460373210000057	0	0	[denethor_bucket]
160	363	0.12776875167474633	0.049883006599998225	0	0	[denethor_bucket]
161	183	0.1221122376881781	0.04666529839997793	0	0	[denethor_bucket]
162	515	0.1297431537769122	0.046199110999975805	0	0	[denethor_bucket]
163	187	0.1221122376881781	0.0700257281999825	0	0	[denethor_bucket]
164	243	0.12317064854079159	0.04696090659992933	0	0	[denethor_bucket]
165	187	0.1221122376881781	0.044955632399955904	0	0	[denethor_bucket]
166	307	0.12776875167474633	0.0521171870000444	0	0	[denethor_bucket]
167	465	0.11984930817943615	0.04684379659992146	0	0	[denethor_bucket]
168	187	0.1221122376881781	0.04596857420002607	0	0	[denethor_bucket]
169	243	0.12317064854079159	0.048077537199947076	0	0	[denethor_bucket]
170	187	0.1221122376881781	0.04344566039993652	0	0	[denethor_bucket]
171	245	0.12317064854079159	0.046708989400053726	0	0	[denethor_bucket]
172	465	0.11984930817943615	0.04599400639997384	0	0	[denethor_bucket]
173	185	0.1221122376881781	0.04540778800003409	0	0	[denethor_bucket]
174	249	0.12317064854079159	0.04503188500000306	0	0	[denethor_bucket]
175	187	0.1221122376881781	0.051274516999922075	0	0	[denethor_bucket]
176	185	0.1221122376881781	0.04806955159992867	0	0	[denethor_bucket]
177	463	0.11984930817943615	0.048292435199948615	0	0	[denethor_bucket]
178	193	0.1221122376881781	0.04805979259998594	0	0	[denethor_bucket]
179	187	0.1221122376881781	0.04457874780001703	0	0	[denethor_bucket]
180	187	0.1221122376881781	0.04272860359992592	0	0	[denethor_bucket]
181	303	0.12776875167474633	0.04797577140004705	0	0	[denethor_bucket]
182	465	0.11984930817943615	0.051252351199957503	0	0	[denethor_bucket]
183	185	0.1221122376881781	0.05158777299998292	0	0	[denethor_bucket]
184	187	0.1221122376881781	0.04567696800002068	0	0	[denethor_bucket]
185	185	0.1221122376881781	0.05817711859997417	0	0	[denethor_bucket]
186	299	0.12317064854079159	0.048395389000052094	0	0	[denethor_bucket]
187	455	0.11984930817943615	0.04667586899994376	0	0	[denethor_bucket]
188	187	0.1221122376881781	0.053196720200014626	0	0	[denethor_bucket]
189	187	0.1221122376881781	0.0478455771999279	0	0	[denethor_bucket]
190	243	0.12317064854079159	0.04479822780008363	0	0	[denethor_bucket]
191	243	0.12317064854079159	0.051616515800049	0	0	[denethor_bucket]
192	457	0.11984930817943615	0.047325210199971934	0	0	[denethor_bucket]
193	314	0.06655041140008962	0.09736626300000353	0	0	[denethor_bucket]
194	314	0.0690363195998998	0.09170420619996093	0	0	[denethor_bucket]
195	273	0.07068761819984958	0.09456939040003363	0	0	[denethor_bucket]
196	314	0.06763271459997781	0.0895376232000217	0	0	[denethor_bucket]
197	273	0.06610969579998596	0.09540673680003238	0	0	[denethor_bucket]
198	273	0.06479242220008814	0.09107002939999802	0	0	[denethor_bucket]
199	273	0.0629065947998754	0.09408358060006776	0	0	[denethor_bucket]
200	273	0.0634218266000289	0.09273994519994631	0	0	[denethor_bucket]
201	273	0.06453650479994053	0.09064715499998784	0	0	[denethor_bucket]
202	273	0.06821494340009053	0.09638322079999853	0	0	[denethor_bucket]
203	15160	None	0.07948684320007829	0	0	[denethor_bucket]

#<vm_id> <cpu_slowdown> <cost_per_second> <storage_mb> <bandwidth_mbps>
1	1.00000	0.0000051670	8192	1250
2	0.50000	0.0000206670	8192	1250
3	0.25000	0.0000826720	8192	5000
4	0.12500	0.0001653330	8192	5000
5	0.03125	0.0006800000	8192	12500

#<task_id> <activity_id> <conf_id> <task_cost> <task_time_duration> <task_time_init> <task_time_cpu> <task_time_read> <task_time_write> <task_count>
1	1	1	0.00000213592054	0.9292400000000001	0.8949	0.3954438660000292	0.4274374149999858	0.10635871899998506	1
1	1	2	0.0000019819619	0.42767000000000005	0.85765	0.22024394199976263	0.15144249700006185	0.05598356100017554	1
1	1	3	0.00000308067243	0.34568	0.91788	0.1674635739999373	0.13351914000008946	0.044697285999973246	1
1	1	4	0.00000480634255	0.27638	0.87682	0.1310918600000658	0.09859120999999504	0.04669692999993913	1
1	1	5	0.00000895935085	0.26277999999999996	0.83131	0.12623804600023256	0.08968335400004435	0.04685859999972308	1
2	1	1	0.0000019326493	0.83167	0.0	0.6426451840000001	0.10499397600000293	0.08403083999999694	1
2	1	2	0.00000210742048	0.45777999999999996	0.0	0.3037414210000836	0.10679683099988324	0.04724174800003311	1
2	1	3	0.00000288033869	0.32164	0.0	0.23050513100008413	0.05284450299996024	0.03829036599995561	1
2	1	4	0.00000469000898	0.2694	0.0	0.1561956499999536	0.06648142000005919	0.04672292999998717	1
2	1	5	0.0000080156823	0.23447	0.0	0.14059553300024957	0.0527640089999295	0.04111045799982094	1
9	2	1	0.00000169731549	0.7187100000000001	0.8503400000000001	0.11924952199997416	0.3768478430000073	0.2226126350000186	1
9	2	2	0.00000226104579	0.49465	0.90695	0.10594400899972095	0.2195288289999553	0.16917716200032373	1
9	2	3	0.00000324817276	0.36578	0.9242400000000001	0.10550435899941045	0.1459872020000148	0.11428843900057473	1
9	2	4	0.0000058020112	0.33612000000000003	0.91466	0.10603783600010422	0.09876303099986217	0.13131913300003362	1
9	2	5	0.00000982801926	0.28884	0.7408300000000001	0.10408962699995737	0.06796564100000069	0.11678473200004191	1
10	2	1	0.00000188504504	0.8088200000000001	0.0	0.10630354499992052	0.11890335500004312	0.5836131000000364	1
10	2	2	0.00000263079653	0.58339	0.0	0.12299998899947298	0.05591912099998808	0.40447089000053893	1
10	2	3	0.0000040641744	0.4637	0.0	0.10657015899935794	0.04193125199981296	0.3151985890008291	1
10	2	4	0.0000084025164	0.49215	0.0	0.10660350100007088	0.058104339999999866	0.32744215899992923	1
10	2	5	0.00001484036261	0.43921	0.0	0.10666801400020352	0.03957367299994985	0.2929683129998466	1
23	1	1	0.000002368546	1.0409000000000002	0.0	0.8520914739999976	0.12023616999999831	0.06857235600000422	1
23	1	2	0.00000204733703	0.44336000000000003	0.0	0.34980934500051025	0.055377980999764986	0.03817267399972479	1
23	1	3	0.00000318958931	0.35875	0.0	0.2602177839998058	0.049286673000096926	0.049245543000097314	1
23	1	4	0.0000052495101	0.30297	0.0	0.1813857909999522	0.07296411000004355	0.0486200990000043	1
23	1	5	0.0000083520163	0.24456	0.0	0.15087871300001876	0.05364637499997116	0.04003491200001008	1
24	1	1	0.00000128360633	0.52013	0.0	0.3026727499999762	0.13389180600000827	0.08356544400001553	1
24	1	2	0.0000012852105	0.26045	0.0	0.16965271499999215	0.04880261900007099	0.04199466599993684	1
24	1	3	0.00000210033713	0.22804	0.0	0.14863205300006396	0.044687091000014334	0.034720855999921696	1
24	1	4	0.0000040176743	0.22906	0.0	0.12213700999995632	0.06199055000001863	0.04493244000002505	1
24	1	5	0.0000080010156	0.23403000000000002	0.0	0.1195444270000892	0.07087765799997214	0.04360791499993866	1
25	1	1	0.00000245185867	1.0808900000000001	0.0	0.885231816999994	0.10958417099999451	0.08607401200001163	1
25	1	2	0.00000235367097	0.51688	0.0	0.41219001000023026	0.06180293299985351	0.04288705699991624	1
25	1	3	0.00000373075706	0.42369	0.0	0.2927707259999929	0.09167999500004953	0.039239278999957605	1
25	1	4	0.00000603317833	0.34999	0.0	0.19084159899984776	0.11918062000006557	0.03996778100008669	1
25	1	5	0.00001019535332	0.29986	0.0	0.1579814580003689	0.09677462499985268	0.04510391699977845	1
26	1	1	0.00000289313039	1.2927000000000002	0.0	1.103330959000008	0.11086150099998804	0.07850754000000393	1
26	1	2	0.00000264400489	0.58656	0.0	0.4770415089999829	0.06595740500006286	0.04356108599995423	1
26	1	3	0.00000396509086	0.45181	0.0	0.3492937709999974	0.04451768100011577	0.057998547999886796	1
26	1	4	0.0000054176771	0.31306	0.0	0.21527626899995045	0.05099358100005702	0.046790149999992536	1
26	1	5	0.00000884401729	0.25932	0.0	0.1717709289999878	0.04318435499999396	0.044364716000018234	1
27	1	1	0.00000202400365	0.87552	0.0	0.6536497590000235	0.1347270849999802	0.08714315599999622	1
27	1	2	0.00000192471178	0.41393	0.0	0.3073054200002113	0.058166351999716426	0.04845822800007227	1
27	1	3	0.00000281700523	0.31404000000000004	0.0	0.22975887599980074	0.04254598400007126	0.04173514000012801	1
27	1	4	0.00000433650827	0.24819	0.0	0.1579961700000244	0.05324647999998433	0.036947349999991275	1
27	1	5	0.00000933935161	0.27418000000000003	0.0	0.14041174299984385	0.09227555300003587	0.041492704000120284	1
28	1	1	0.00000235217097	1.03304	0.0	0.8330556999999887	0.11251597000000402	0.0874683300000072	1
28	1	2	0.00000224783743	0.49148000000000003	0.0	0.3876685510002503	0.055202610999913304	0.048608837999836396	1
28	1	3	0.00000320850602	0.36102	0.0	0.27667358300022127	0.04166773599990847	0.04267868099987027	1
28	1	4	0.00000505767638	0.29146	0.0	0.1893137990000177	0.061354150999932244	0.04079205000005004	1
28	1	5	0.00000843034979	0.24691	0.0	0.1536948029999368	0.04830277600012778	0.04491242099993542	1
29	1	1	0.0000018513158	0.7926300000000001	0.0	0.6041408579999629	0.10469575500002293	0.08379338700001426	1
29	1	2	0.00000179871153	0.38369000000000003	0.0	0.2696801270002411	0.07288425799970355	0.041125615000055404	1
29	1	3	0.00000280583854	0.3127	0.0	0.2241700190000349	0.04644187200005945	0.04208810899990567	1
29	1	4	0.00000437150834	0.25029	0.0	0.15201564099998452	0.05533513900002163	0.04293921999999384	1
29	1	5	0.00000807734909	0.23632	0.0	0.13814473400000163	0.05882999400000699	0.03934527199999138	1
30	1	1	0.00000256348389	1.13447	0.0	0.945337553999998	0.11269494900000154	0.07643749700000058	1
30	1	2	0.00000256450473	0.56748	0.0	0.4347764600004889	0.0834115119996568	0.049292027999854326	1
30	1	3	0.00000364142355	0.41297000000000006	0.0	0.31320889400004015	0.04943462500000351	0.0503264809999564	1
30	1	4	0.00000512700985	0.29562	0.0	0.19426064099992904	0.054676269000083266	0.046683089999987715	1
30	1	5	0.0000086176835	0.25253000000000003	0.0	0.1620944529998026	0.047910094000144454	0.04252545300005295	1
33	2	1	0.00000169696133	0.71854	0.0	0.13843643200002997	0.09775377599999047	0.4823497919999795	1
33	2	2	0.00000237875436	0.5229	0.0	0.12219764400021665	0.05136243099968851	0.3493399250000948	1
33	2	3	0.00000382825726	0.43539	0.0	0.10548003900056994	0.048476933000074496	0.28143302799935555	1
33	2	4	0.00000767284828	0.44837	0.0	0.10548126900032469	0.04593363699996189	0.2969550939997134	1
33	2	5	0.0000133343596	0.39403	0.0	0.10479569000001653	0.04427301900000202	0.24496129099998143	1
34	2	1	0.00000146091919	0.60524	0.0	0.11939296799984846	0.06438221500002328	0.4214648170001283	1
34	2	2	0.00000207058707	0.44894	0.0	0.1054052189995286	0.04823159499983376	0.29530318600063765	1
34	2	3	0.00000372509038	0.42301	0.0	0.10669628200050807	0.07181097100010447	0.24450274699938745	1
34	2	4	0.00000656251273	0.38175000000000003	0.0	0.105523310000297	0.046309579999842754	0.22991710999986026	1
34	2	5	0.00001255635805	0.37069	0.0	0.10479341400017388	0.04506559199990079	0.22083099399992534	1
35	2	1	0.00000168650297	0.71352	0.0	0.11771802299999218	0.0927282439999999	0.5030737330000079	1
35	2	2	0.00000232871259	0.51089	0.0	0.105778147999427	0.044418417000088084	0.3606934350004849	1
35	2	3	0.00000399642426	0.45557	0.0	0.10585939199964951	0.04059661000019332	0.30911399800015715	1
35	2	4	0.00000785834865	0.4595	0.0	0.1057364910003089	0.05531400800009578	0.29844950099959533	1
35	2	5	0.00001292535878	0.38176	0.0	0.10525424499975611	0.03656343500006187	0.239942320000182	1
36	2	1	0.00000162541952	0.6842	0.0	0.12186322700003006	0.08278414199997997	0.47955263099999	1
36	2	2	0.0000026523799	0.58857	0.0	0.10588645800009579	0.059904392000134976	0.4227791499997693	1
36	2	3	0.00000361067349	0.40928	0.0	0.1061612319992139	0.04306732400027613	0.26005144400050995	1
36	2	4	0.00000748218123	0.43693000000000004	0.0	0.10576081300056803	0.058795504999807235	0.27237368199962475	1
36	2	5	0.00001478969585	0.43769	0.0	0.1050523429996951	0.04478546399991501	0.2878521930003899	1
37	2	1	0.00000194237848	0.8363400000000001	0.0	0.16300411699989342	0.08392771200004745	0.5894081710000592	1
37	2	2	0.00000271608837	0.6038600000000001	0.0	0.12302294000011478	0.0592289310002343	0.42160812899965094	1
37	2	3	0.00000383584061	0.4363	0.0	0.10677206699953677	0.039304312000240316	0.2902236210002229	1
37	2	4	0.00000843468314	0.49408	0.0	0.10661363100036039	0.05886508200001117	0.32860128699962843	1
37	2	5	0.00001536736367	0.45502	0.0	0.10586923900008105	0.04365534899989143	0.3054954120000275	1
38	2	1	0.00000167756546	0.70923	0.0	0.10729511299997285	0.08860918400000628	0.5133257030000209	1
38	2	2	0.00000232708759	0.5105000000000001	0.0	0.10588043599968659	0.06007029700003841	0.344549267000275	1
38	2	3	0.00000378825718	0.43059	0.0	0.10617704099974418	0.05986720300006709	0.2645457560001887	1
38	2	4	0.00000773051506	0.45183	0.0	0.10597585000007717	0.04512906600007227	0.30072508399985054	1
38	2	5	0.00001376336046	0.4069	0.0	0.1060114140000718	0.05449058599992895	0.24639799999999923	1
39	2	1	0.00000144006498	0.59523	0.0	0.10542822699987574	0.08536419200004275	0.40443758100008154	1
39	2	2	0.0000022690458	0.49657	0.0	0.10567572600005253	0.044133952999800385	0.3467603210001471	1
39	2	3	0.00000338000636	0.38160000000000005	0.0	0.10544135499987681	0.05123173600031805	0.22492690899980516	1
39	2	4	0.00000777868182	0.45472	0.0	0.10529248400034953	0.04841038499989736	0.30101713099975314	1
39	2	5	0.0000129000254	0.381	0.0	0.10471249600018928	0.04324495899982139	0.23304254499998933	1
40	2	1	0.00000177708649	0.757	0.0	0.18114956499999335	0.09619277600000942	0.47965765899999724	1
40	2	2	0.0000025687964	0.56851	0.0	0.10651965600021299	0.06404230500038466	0.39794803899940234	1
40	2	3	0.00000364934023	0.41392	0.0	0.1065495020007274	0.04758786499996859	0.25978263299930404	1
40	2	4	0.00000781601523	0.45696	0.0	0.10641156300018423	0.04720165499998075	0.303346781999835	1
40	2	5	0.00001371802704	0.40554	0.0	0.10532138699980266	0.0387646770000174	0.26145393600017997	1
731	1	1	0.00000187017001	0.80168	0.0	0.6158188770000048	0.12033401499999741	0.06552710799999772	1
731	1	2	0.0000017650448	0.37561	0.0	0.26827044000032707	0.06380163399990124	0.04353792599977169	1
731	1	3	0.00000292775546	0.32733	0.0	0.21405025100004246	0.07009364800001094	0.043186100999946575	1
731	1	4	0.00000435267497	0.24916	0.0	0.1530545900000499	0.048627039999928456	0.04747837000002164	1
731	1	5	0.00000757068141	0.22112	0.0	0.13710017200021787	0.04879533099983746	0.03522449699994468	1
732	1	1	0.00000143733581	0.59392	0.0	0.39393261900000026	0.11310210799999254	0.08688527300000715	1
732	1	2	0.00000139571072	0.28697000000000006	0.0	0.1714872350002031	0.07678536999992502	0.038697394999871904	1
732	1	3	0.00000223250407	0.2439	0.0	0.15109320100015466	0.05955331599989222	0.03325348299995312	1
732	1	4	0.00000391850744	0.22311000000000003	0.0	0.1275739300001336	0.05098397999995541	0.044552089999911004	1
732	1	5	0.00000760534814	0.22216	0.0	0.12260640300038736	0.05451155899982041	0.04504203799979223	1
733	1	1	0.00000154496102	0.64558	0.0	0.42354367299998796	0.1393027710000183	0.08273355599999377	1
733	1	2	0.00000148729424	0.30895	0.0	0.21099305299994303	0.052964580000207206	0.044992366999849764	1
733	1	3	0.00000247275455	0.27273000000000003	0.0	0.17075720599982425	0.06606511700010742	0.03590767700006836	1
733	1	4	0.00000450584195	0.25835	0.0	0.13241586000008704	0.07557154999994964	0.05036258999996335	1
733	1	5	0.00000810768248	0.23723	0.0	0.12661477800002147	0.06525447300009546	0.04536074899988307	1
734	1	1	0.00000168337797	0.71202	0.0	0.5324115070000107	0.11381927299999006	0.0657892199999992	1
734	1	2	0.00000168491964	0.35638000000000003	0.0	0.2589226429998333	0.05092619900005957	0.0465311580001071	1
734	1	3	0.00000253042133	0.27965	0.0	0.19967168599992727	0.042628874000001815	0.0373494400000709	1
734	1	4	0.00000417534128	0.23852	0.0	0.13877642000000517	0.05485165000004599	0.04489192999994884	1
734	1	5	0.0000083520163	0.24456	0.0	0.13067548400012907	0.07278431499980798	0.04110020100006295	1
735	1	1	0.00000368621531	1.67338	0.0	1.4973602520000127	0.11190002699999013	0.0641197209999973	1
735	1	2	0.00000322508938	0.72602	0.0	0.6284321040001773	0.04037786499975482	0.05721003100006783	1
735	1	3	0.00000444784183	0.50974	0.0	0.42633920300003253	0.04550109399997382	0.03789970299999368	1
735	1	4	0.00000584601129	0.33876	0.0	0.2386416099999658	0.05357200000003104	0.04654639000000316	1
735	1	5	0.00001027168681	0.30215	0.0	0.2005950570001172	0.06011129599983178	0.04144364700005099	1
736	1	1	0.00000226833747	0.9928	0.0	0.8044659339999899	0.10559275299999626	0.08274131300001386	1
736	1	2	0.00000223925408	0.48942	0.0	0.3913093520001257	0.04315070700022261	0.054959940999651735	1
736	1	3	0.00000329400619	0.37128	0.0	0.2816758949999651	0.05704687499996908	0.03255723000006583	1
736	1	4	0.00000464000888	0.26639999999999997	0.0	0.1840300889999993	0.043058470999994825	0.03931144000000586	1
736	1	5	0.00000920701801	0.27021	0.0	0.1547638989999113	0.07688669200024378	0.03855940899984489	1
737	1	1	0.00000174425309	0.74124	0.0	0.5467044300000007	0.1205755320000037	0.07396003799999562	1
737	1	2	0.00000154300269	0.32232	0.0	0.23741990799977458	0.0462236970001868	0.03867639500003861	1
737	1	3	0.00000260233814	0.28828	0.0	0.19840264799996954	0.05496714800005975	0.03491020399997069	1
737	1	4	0.00000484934263	0.27896	0.0	0.14478281000005422	0.079750679999961	0.05442650999998477	1
737	1	5	0.00000816234926	0.23887	0.0	0.13304417300001034	0.06520611999985704	0.04061970700013262	1
738	1	1	0.00000266846327	1.18486	0.0	0.9844786149999857	0.11508843699999716	0.08529294800001708	1
738	1	2	0.00000227525415	0.49806	0.0	0.41809669900032037	0.0359205239997209	0.04404277699995873	1
738	1	3	0.00000353592334	0.40031	0.0	0.32095837599991733	0.04405228500013436	0.035299338999948304	1
738	1	4	0.00000577701115	0.33462000000000003	0.0	0.19927978000001087	0.08493998000005831	0.05040023999993082	1
738	1	5	0.00000824101608	0.24123	0.0	0.16644113399971	0.03778382900009092	0.03700503700019908	1
739	1	1	0.00000196412853	0.84678	0.0	0.6624442609999949	0.10469538699999248	0.07964035200001263	1
739	1	2	0.00000176183646	0.37484	0.0	0.2874981969999279	0.043934936999903584	0.04340686600016852	1
739	1	3	0.00000297892222	0.33347000000000004	0.0	0.23473756900008336	0.06037882900000113	0.038353601999915554	1
739	1	4	0.00000431317489	0.24679	0.0	0.15156658899988	0.052598861000092256	0.04262455000002774	1
739	1	5	0.00000790168207	0.23105	0.0	0.14124372199980353	0.0513483909999195	0.03845788700027697	1
740	1	1	0.0000017689198	0.7530800000000001	0.0	0.5649152910000227	0.11144951199997877	0.07671519699999862	1
740	1	2	0.00000177125314	0.37710000000000005	0.0	0.2849031749995717	0.04617866800026604	0.04601815700016232	1
740	1	3	0.00000279767186	0.31172000000000005	0.0	0.20899545399978228	0.06605246300000545	0.0366720830002123	1
740	1	4	0.00000411100782	0.23466	0.0	0.15229865000007173	0.04047128000001976	0.04189006999990852	1
740	1	5	0.00000781301523	0.22838999999999998	0.0	0.13829352399967376	0.050816692000353214	0.039279783999973006	1
751	2	1	0.0000016190445	0.68114	0.0	0.12041799799996591	0.09977681700001995	0.46094518500001413	1
751	2	2	0.00000222971239	0.48713	0.0	0.10564622099948144	0.05843442000013965	0.3230493590003789	1
751	2	3	0.00000339233972	0.38308	0.0	0.11074645499950754	0.041730453000127454	0.230603092000365	1
751	2	4	0.00000737934769	0.43076	0.0	0.10573220500058574	0.07782995799993842	0.24719783699947584	1
751	2	5	0.00001260769148	0.37223	0.0	0.10493305100004409	0.04178843299996515	0.22550851599999078	1
752	2	1	0.00000181875324	0.777	0.0	0.1060273289999277	0.08258642200001987	0.5883862490000524	1
752	2	2	0.00000265604658	0.58945	0.0	0.1058645069993538	0.0534385129999464	0.43014698000069984	1
752	2	3	0.00000366109026	0.41533	0.0	0.10584834099991537	0.038427526999839756	0.27105413200024486	1
752	2	4	0.00000768401497	0.44904000000000005	0.0	0.1064118569998164	0.04666780299999118	0.29596034000019245	1
752	2	5	0.00001555303071	0.46059	0.0	0.10501842200014636	0.08231045699994866	0.27326112099990496	1
753	2	1	0.00000141887744	0.5850599999999999	0.0	0.13515818000002036	0.08443486199996642	0.36546695800001316	1
753	2	2	0.00000188450337	0.40428	0.0	0.12175021300006961	0.04286666799998784	0.23966311899994253	1
753	2	3	0.00000307733909	0.34528	0.0	0.10512320699990346	0.044568563000211725	0.1955882299998848	1
753	2	4	0.00000600417828	0.34825	0.0	0.10526773500031777	0.0487683639998977	0.19421390099978453	1
753	2	5	0.00001238635771	0.36558999999999997	0.0	0.10503558700009108	0.06431833800002096	0.19623607499988793	1
754	2	1	0.00000152323181	0.63515	0.0	0.11256554099991388	0.09435909600000514	0.42822536300008096	1
754	2	2	0.00000200725361	0.43374	0.0	0.10609220200063851	0.056429982999816275	0.2712178149995452	1
754	2	3	0.00000329208952	0.37105000000000005	0.0	0.10585624599960722	0.043194684000354755	0.22199907000003805	1
754	2	4	0.00000649317925	0.37759	0.0	0.10591690900031592	0.041016651000063575	0.2306564399996205	1
754	2	5	0.00001457069541	0.43112	0.0	0.10513037100034955	0.06902454299984129	0.25696508599980916	1
755	2	1	0.00000137358568	0.56332	0.0	0.11044377900000325	0.08262370099998861	0.3702525200000082	1
755	2	2	0.00000174612809	0.37107	0.0	0.10518743800033946	0.05329673999995066	0.21258582199970988	1
755	2	3	0.00000398759091	0.45451	0.0	0.10539937800010171	0.042615989000296395	0.3064946329996019	1
755	2	4	0.00000599934493	0.34796	0.0	0.10523985200001056	0.03703142199992726	0.20568872600006216	1
755	2	5	0.00001227935749	0.36238	0.0	0.10463891300034163	0.048246533999872554	0.2094945529997858	1
756	2	1	0.00000134285645	0.5485700000000001	0.0	0.11554708399997288	0.08537603299998864	0.34764688300003854	1
756	2	2	0.0000017845865	0.3803	0.0	0.10531457999987907	0.05983032099993579	0.21515509900018515	1
756	2	3	0.00000300517228	0.33662000000000003	0.0	0.10568786900053703	0.040499229000033665	0.1904329019994293	1
756	2	4	0.0000060813451	0.35288	0.0	0.1052643159997341	0.04809853699998712	0.19951714700027878	1
756	2	5	0.00001180768988	0.34823000000000004	0.0	0.10455357900008176	0.04545461400016393	0.19822180699975434	1
757	2	1	0.00000134677313	0.5504500000000001	0.0	0.11516153699999382	0.08985044400003517	0.34543801899997106	1
757	2	2	0.00000200262861	0.43263	0.0	0.1052078850009192	0.04767991600010646	0.27974219899897435	1
757	2	3	0.000002866172	0.31994	0.0	0.10544586400024258	0.03934380399959991	0.1751503320001575	1
757	2	4	0.00000575667778	0.3334	0.0	0.1053202620000942	0.047015482999995584	0.1810642549999102	1
757	2	5	0.00001392869412	0.41186	0.0	0.10482699499977878	0.09804692600005183	0.2089860790001694	1
758	2	1	0.00000124883543	0.50344	0.0	0.1136468650000092	0.0627672930000358	0.327025841999955	1
758	2	2	0.00000184191995	0.39406	0.0	0.1052509300001571	0.0520009269998809	0.236808142999962	1
758	2	3	0.00000313683921	0.35242	0.0	0.10546268200034133	0.049144539999815606	0.1978127779998431	1
758	2	4	0.00000574967777	0.33298	0.0	0.10540034300002163	0.04106243299997914	0.18651722399999926	1
758	2	5	0.00001367802696	0.40434	0.0	0.10473321500007643	0.0747944390000157	0.22481234599990785	1
759	2	1	0.00000144869	0.5993700000000001	0.0	0.11426825800007338	0.0984595969999873	0.3866421449999393	1
759	2	2	0.00000189150338	0.40596	0.0	0.12230787400034837	0.04404555400014942	0.2396065719995022	1
759	2	3	0.00000325592278	0.36671	0.0	0.1059464779998388	0.04839471200011758	0.2123688100000436	1
759	2	4	0.00000612067851	0.35524	0.0	0.10525670699975877	0.050577638000049774	0.19940565500019147	1
759	2	5	0.00001238869104	0.36566000000000004	0.0	0.10464718799978272	0.04647040600002583	0.21454240600019148	1
760	2	1	0.0000013501898	0.5520900000000001	0.0	0.11700139600001365	0.09125303400003304	0.34383556999995335	1
760	2	2	0.00000199062858	0.42975	0.0	0.11761359399973663	0.05220599399990533	0.25993041200035805	1
760	2	3	0.00000314175588	0.35301	0.0	0.10550072399992655	0.04248331700000563	0.20502595900006781	1
760	2	4	0.00000618151196	0.35889	0.0	0.10535278200020787	0.045133978999956526	0.2084032389998356	1
760	2	5	0.00001240569108	0.36617000000000005	0.0	0.10489891299993173	0.05455501100004767	0.20671607600002062	1
761	3	1	0.00005563434595	26.608432840899543	0.78695	11.576028170000026	14.719092840899542	0.3133118299999751	1
761	3	2	0.00008801306246	21.075092840899543	0.65146	6.163575455999995	14.719092840899542	0.19242454400000497	1
761	3	3	0.00014748506824	17.67417284089954	0.77242	2.8536174799999574	14.719092840899542	0.10146252000004097	1
761	3	4	0.00027116658928	16.25796284089954	0.7439600000000001	1.4649355619999616	14.719092840899542	0.07393443800003752	1
761	3	5	0.00052918081932	15.869392840899541	0.7532300000000001	1.0684119790000586	14.719092840899542	0.08188802099994064	1
762	3	1	0.00007744916042	37.07952284089955	0.0	22.140537470000023	14.719092840899542	0.21989252999998143	1
762	3	2	0.00011121835887	26.64435284089954	0.0	11.767096684999975	14.719092840899542	0.15816331500002434	1
762	3	3	0.00016995802986	20.370922840899542	0.0	5.6120224709999125	14.719092840899542	0.039807529000086106	1
762	3	4	0.00029344746718	17.594812840899543	0.0	2.835954984999944	14.719092840899542	0.03976501500005725	1
762	3	5	0.0005588198786	16.758562840899543	0.0	2.001737974999805	14.719092840899542	0.03773202500019579	1
763	3	1	0.00007746741045	37.088282840899545	0.0	22.176278621000048	14.719092840899542	0.19291137899995192	1
763	3	2	0.00011285748715	27.03774284089954	0.0	12.17172579099992	14.719092840899542	0.1469242090000762	1
763	3	3	0.00017293670248	20.728362840899543	0.0	5.915478279999988	14.719092840899542	0.0937917200000129	1
763	3	4	0.00029396863488	17.626082840899546	0.0	2.8663258639999696	14.719092840899542	0.04066413600003216	1
763	3	5	0.00055875021179	16.756472840899544	0.0	2.0009093960000137	14.719092840899542	0.03647060399998736	1
764	3	1	0.00006896483095	33.00705284089955	0.0	18.083722209000037	14.719092840899542	0.20423779099996864	1
764	3	2	0.0001029163006	24.651862840899543	0.0	9.803991897999932	14.719092840899542	0.12877810200006934	1
764	3	3	0.00016303143267	19.539732840899543	0.0	4.772879709999957	14.719092840899542	0.047760290000042005	1
764	3	4	0.0002856609516	17.12762284089954	0.0	2.3770504779999584	14.719092840899542	0.03147952200004056	1
764	3	5	0.00054716918863	16.409042840899545	0.0	1.6506901650000618	14.719092840899542	0.0392598349999389	1
765	3	1	0.00007021625012	33.60773284089954	0.0	18.676303308999977	14.719092840899542	0.21233669100001862	1
765	3	2	0.00010357634359	24.810272840899543	0.0	9.964183019000066	14.719092840899542	0.12699698099993384	1
765	3	3	0.00016500868662	19.77700284089954	0.0	5.013559859999994	14.719092840899542	0.04435014000000592	1
765	3	4	0.00028636028633	17.169582840899544	0.0	2.409533304999911	14.719092840899542	0.040956695000090804	1
765	3	5	0.00054771118972	16.42530284089954	0.0	1.6595606220000154	14.719092840899542	0.0466493779999837	1
766	3	1	0.00006891762252	32.984392840899545	0.0	18.047081490999947	14.719092840899542	0.21821850900005302	1
766	3	2	0.00010219692416	24.479212840899542	0.0	9.630805260000072	14.719092840899542	0.12931473999992704	1
766	3	3	0.00016378768418	19.630482840899543	0.0	4.8684626500001	14.719092840899542	0.04292734999989989	1
766	3	4	0.00028427061549	17.044202840899544	0.0	2.2890526969999936	14.719092840899542	0.03605730300000687	1
766	3	5	0.00054862685821	16.45277284089954	0.0	1.6933571450001146	14.719092840899542	0.04032285499988575	1
767	3	1	0.00006918501889	33.11274284089955	0.0	18.18477286100008	14.719092840899542	0.20887713899992377	1
767	3	2	0.00010298800908	24.669072840899542	0.0	9.809908524999987	14.719092840899542	0.14007147500001338	1
767	3	3	0.00016482235292	19.754642840899542	0.0	4.994283668999912	14.719092840899542	0.04126633100008803	1
767	3	4	0.00028528328418	17.104962840899542	0.0	2.353139236999981	14.719092840899542	0.03273076300001776	1
767	3	5	0.00054801152365	16.434312840899544	0.0	1.6722375549999944	14.719092840899542	0.04298244500000692	1
768	3	1	0.00006486936442	31.041232840899543	0.0	16.104282740000038	14.719092840899542	0.21785725999995975	1
768	3	2	0.00009910016797	23.73599284089954	0.0	8.893658510000057	14.719092840899542	0.12324148999994122	1
768	3	3	0.00016113501221	19.312162840899543	0.0	4.538788069999998	14.719092840899542	0.05428193000000192	1
768	3	4	0.00028220911137	16.920512840899544	0.0	2.1569178439999805	14.719092840899542	0.04450215600002139	1
768	3	5	0.00054294351351	16.282272840899545	0.0	1.519793942999866	14.719092840899542	0.043386057000134315	1
769	3	1	0.00007151385688	34.230582840899544	0.0	19.32126788000007	14.719092840899542	0.19022211999993033	1
769	3	2	0.00010468859581	25.07721284089954	0.0	10.212938076000013	14.719092840899542	0.14518192399998497	1
769	3	3	0.00016527585383	19.809062840899543	0.0	5.050948091000016	14.719092840899542	0.03902190899998459	1
769	3	4	0.0002879761229	17.26653284089954	0.0	2.5069973240000007	14.719092840899542	0.040442675999997846	1
769	3	5	0.00055041386179	16.506382840899544	0.0	1.749010975999925	14.719092840899542	0.03827902400007588	1
770	3	1	0.00006465196816	30.936882840899543	0.0	16.031167999999944	14.719092840899542	0.1866220000000567	1
770	3	2	0.00009812991603	23.503132840899543	0.0	8.643698374999982	14.719092840899542	0.14034162500001912	1
770	3	3	0.00015891550777	19.045822840899543	0.0	4.283195399999956	14.719092840899542	0.04353460000004361	1
770	3	4	0.00028134994298	16.868962840899542	0.0	2.1165427679999658	14.719092840899542	0.03332723200003329	1
770	3	5	0.00054128817687	16.23261284089954	0.0	1.469904393000008	14.719092840899542	0.04361560699999245	1
771	3	1	0.00006475903087	30.988272840899544	0.0	16.04675400999997	14.719092840899542	0.22242599000003338	1
771	3	2	0.00009819741616	23.519332840899544	0.0	8.665462107000025	14.719092840899542	0.13477789299997767	1
771	3	3	0.00015889150772	19.042942840899546	0.0	4.278589049999946	14.719092840899542	0.045260950000056255	1
771	3	4	0.00028009827381	16.793862840899543	0.0	2.0371729760000217	14.719092840899542	0.037597023999978774	1
771	3	5	0.00054202384501	16.254682840899545	0.0	1.4888205420000287	14.719092840899542	0.046769457999971564	1
772	3	1	0.00006762876578	32.36574284089954	0.0	17.44406067100008	14.719092840899542	0.20258932899992033	1
772	3	2	0.00010156733957	24.328112840899543	0.0	9.478933487999951	14.719092840899542	0.13008651200004806	1
772	3	3	0.00016141651277	19.345942840899546	0.0	4.584866951000106	14.719092840899542	0.0419830489998958	1
772	3	4	0.00028478644985	17.075152840899545	0.0	2.3155353249999724	14.719092840899542	0.040524675000028765	1
772	3	5	0.00054621585339	16.380442840899544	0.0	1.6180125340000886	14.719092840899542	0.04333746599991173	1
773	3	1	0.00006206267131	29.694022840899542	0.0	14.782204089999965	14.719092840899542	0.19272591000003558	1
773	3	2	0.00009550399411	22.87291284089954	0.0	8.003008080999965	14.719092840899542	0.15081191900003432	1
773	3	3	0.00015587058501	18.68043284089954	0.0	3.916539839999978	14.719092840899542	0.044800160000022515	1
773	3	4	0.00027814260323	16.676522840899544	0.0	1.921228425999926	14.719092840899542	0.03620157400007429	1
773	3	5	0.00053842717115	16.146782840899544	0.0	1.3793826109999991	14.719092840899542	0.04830738900000142	1
774	3	1	0.00006622840881	31.69357284089954	0.0	16.785006279999976	14.719092840899542	0.1894737200000236	1
774	3	2	0.00009984329446	23.914342840899543	0.0	9.05069366299996	14.719092840899542	0.14455633700004	1
774	3	3	0.00016040401075	19.224442840899545	0.0	4.4678077199999775	14.719092840899542	0.03754228000002513	1
774	3	4	0.00028176944382	16.894132840899545	0.0	2.140187806999995	14.719092840899542	0.03485219300000608	1
774	3	5	0.00054312751388	16.287792840899545	0.0	1.527436413999987	14.719092840899542	0.041263586000013674	1
775	3	1	0.000062324776	29.819832840899544	0.0	14.891738690999915	14.719092840899542	0.20900130900008662	1
775	3	2	0.00009541420227	22.851362840899544	0.0	7.987481766999902	14.719092840899542	0.14478823300009935	1
775	3	3	0.00015675467012	18.786522840899543	0.0	4.025837760000001	14.719092840899542	0.04159223999999995	1
775	3	4	0.00027762226886	16.645302840899543	0.0	1.8935575370000224	14.719092840899542	0.032652462999976706	1
775	3	5	0.0005373875024	16.11559284089954	0.0	1.3475005610000008	14.719092840899542	0.048999438999999256	1
776	3	1	0.00006195925444	29.644382840899542	0.0	14.729172620999957	14.719092840899542	0.196117379000043	1
776	3	2	0.00009485840949	22.717972840899545	0.0	7.871421213999968	14.719092840899542	0.1274587860000338	1
776	3	3	0.00015630141921	18.732132840899542	0.0	3.9674068300000274	14.719092840899542	0.04563316999997369	1
776	3	4	0.00027747643523	16.63655284089954	0.0	1.8720815230000136	14.719092840899542	0.04537847699998565	1
776	3	5	0.00053715616861	16.10865284089954	0.0	1.3487976650000455	14.719092840899542	0.040762334999953964	1
777	3	1	0.00006192842104	29.629582840899545	0.0	14.712102259999957	14.719092840899542	0.19838774000004378	1
777	3	2	0.00009530891039	22.82609284089954	0.0	7.975125215999953	14.719092840899542	0.13187478400004693	1
777	3	3	0.00015705317071	18.82234284089954	0.0	4.042880691000048	14.719092840899542	0.06036930899995241	1
777	3	4	0.00027790393609	16.662202840899543	0.0	1.8997784739999124	14.719092840899542	0.04333152600008816	1
777	3	5	0.0005373375023	16.11409284089954	0.0	1.3585454559997925	14.719092840899542	0.036454544000207534	1
778	3	1	0.00006103785676	29.20211284089954	0.0	14.286537990000047	14.719092840899542	0.19648200999995424	1
778	3	2	0.00009495386801	22.740882840899545	0.0	7.888268995000081	14.719092840899542	0.13352100499992048	1
778	3	3	0.0001567981702	18.791742840899545	0.0	4.0223576500000515	14.719092840899542	0.05029234999994969	1
778	3	4	0.0002782619368	16.683682840899543	0.0	1.9232465040000326	14.719092840899542	0.04134349599996767	1
778	3	5	0.00053736283569	16.114852840899545	0.0	1.353699135000061	14.719092840899542	0.04206086499993944	1
779	3	1	0.00006223592166	29.777182840899542	0.0	14.865302970000023	14.719092840899542	0.19278702999997677	1
779	3	2	0.00009553895251	22.881302840899544	0.0	8.024813093999951	14.719092840899542	0.13739690600004906	1
779	3	3	0.00015725817112	18.846942840899544	0.0	4.081918000000009	14.719092840899542	0.04593199999999342	1
779	3	4	0.00027756843542	16.64207284089954	0.0	1.885525056000067	14.719092840899542	0.037454943999932766	1
779	3	5	0.00053837217104	16.145132840899542	0.0	1.3863751050000137	14.719092840899542	0.039664894999987155	1
780	3	1	0.000062074713	29.699802840899544	0.0	14.761238631000037	14.719092840899542	0.21947136899996167	1
780	3	2	0.0000953130354	22.827082840899543	0.0	7.968729077000064	14.719092840899542	0.13926092299993797	1
780	3	3	0.00015638700271	18.742402840899544	0.0	3.9842465200000197	14.719092840899542	0.03906347999998161	1
780	3	4	0.00027898677159	16.72717284089954	0.0	1.9641512929999208	14.719092840899542	0.04392870700007734	1
780	3	5	0.00053695916821	16.10274284089954	0.0	1.3434583749999656	14.719092840899542	0.04019162500003404	1
781	4	1	0.00000582563625	2.7003000000000004	0.77725	0.03356970499999284	2.5384037370000097	0.1283265579999977	1
781	4	2	0.00000731734757	1.7081600000000001	0.6789	0.017937934999829167	1.6087368230002994	0.0814852419998715	1
781	4	3	0.00000988368603	1.16204	0.88006	0.007003844000631034	1.1072577989993988	0.04777835699997013	1
781	4	4	0.00001907187108	1.13231	0.79311	0.006302812000096765	1.022890433999919	0.10311675399998421	1
781	4	5	0.00003520307001	1.05009	0.82764	0.006786335001652106	1.00657635999778	0.03672730500056787	1

#<bucket_range_id> <size1_gb> <size2_gb> <cost_per_gb>
1	0	51200	0.0405
2	51200	460800	0.0390
3	460800	99999999999999	0.0370
