#<#tasks> <#config> <#data> <#vms> <#buckets> <#bucket_ranges> <max_running_time> <max_financial_cost>
76	5	176	5	1	3	605.1139351070424	0.01164747543474

#<task_id> <activity_id> <task_type__0-VM__1-VM_FX> <vm_cpu_time> <n_input> [<id_input>...] <n_output> [<id_output>...]
25	1	1	0.054132658056914806	1	[23]	1	[24]
736	1	1	0.04996509593911469	1	[130]	1	[131]
805	1	1	0.04030315997079015	1	[210]	1	[211]
807	1	1	0.05485864798538387	1	[214]	1	[215]
809	1	1	0.07908498612232506	1	[218]	1	[219]
813	1	1	0.06974963587708771	1	[226]	1	[227]
818	1	1	0.017470445949584246	1	[236]	1	[237]
1294	1	1	0.0832412107847631	1	[446]	1	[447]
1295	1	1	0.052654389990493655	1	[448]	1	[449]
1296	1	1	0.03160993894562125	1	[450]	1	[451]
1315	1	1	0.02374255214817822	1	[488]	1	[489]
1323	1	1	0.10557778202928603	1	[504]	1	[505]
1331	1	1	0.024285487132146955	1	[520]	1	[521]
1334	1	1	0.04681036900728941	1	[526]	1	[527]
1342	1	1	0.04820585809648037	1	[542]	1	[543]
1357	1	1	0.05861696205101907	1	[572]	1	[573]
1376	1	1	0.06507588317617774	1	[610]	1	[611]
1382	1	1	0.06908784504048526	1	[622]	1	[623]
1383	1	1	0.014570791041478515	1	[624]	1	[625]
1401	1	1	0.0488405751530081	1	[660]	1	[661]
1407	1	1	0.09963485389016569	1	[672]	1	[673]
1414	1	1	0.10393151198513806	1	[686]	1	[687]
1421	1	1	0.06565054412931204	1	[700]	1	[701]
1426	1	1	0.07493474800139666	1	[710]	1	[711]
1427	1	1	0.04605754418298602	1	[712]	1	[713]
35	2	1	0.004051466006785631	1	[24]	7	[48,49,50,51,52,53,54]
756	2	1	0.002496151952072978	1	[131]	5	[168,169,170,171,172]
855	2	1	0.002110501052811742	1	[211]	5	[279,280,281,282,283]
857	2	1	0.0022676389198750257	1	[215]	5	[289,290,291,292,293]
859	2	1	0.0018929059151560068	1	[219]	5	[299,300,301,302,303]
863	2	1	0.0025183591060340405	1	[227]	5	[319,320,321,322,323]
868	2	1	0.002595496829599142	1	[237]	5	[344,345,346,347,348]
1495	2	1	0.0018821160774677992	1	[447]	4	[758,759,760,761]
1496	2	1	0.001926348078995943	1	[449]	4	[762,763,764,765]
1497	2	1	0.0018834599759429693	1	[451]	4	[766,767,768,769]
1516	2	1	0.0017563931178301573	1	[489]	4	[842,843,844,845]
1524	2	1	0.001514123985543847	1	[505]	4	[874,875,876,877]
1532	2	1	0.0016681409906595945	1	[521]	4	[906,907,908,909]
1535	2	1	0.0017105541191995144	1	[527]	4	[918,919,920,921]
1543	2	1	0.0016039980109781027	1	[543]	4	[950,951,952,953]
1558	2	1	0.0016639388632029295	1	[573]	4	[1010,1011,1012,1013]
1577	2	1	0.001354862004518509	1	[611]	3	[1082,1083,1084]
1583	2	1	0.001457498874515295	1	[623]	3	[1100,1101,1102]
1584	2	1	0.0011445058044046164	1	[625]	3	[1103,1104,1105]
1602	2	1	0.0014077029190957546	1	[661]	3	[1157,1158,1159]
1608	2	1	0.0013297831173986197	1	[673]	3	[1175,1176,1177]
1615	2	1	0.0015067001804709435	1	[687]	3	[1196,1197,1198]
1622	2	1	0.0013706670142710209	1	[701]	3	[1217,1218,1219]
1627	2	1	0.0013671768829226494	1	[711]	3	[1231,1232,1233]
1628	2	1	0.0015167740639299154	1	[713]	3	[1234,1235,1236]
12607	3	1	0.37424011598341167	100	[48,49,50,51,52,53,54,168,169,170,171,172,279,280,281,282,283,289,290,291,292,293,299,300,301,302,303,319,320,321,322,323,344,345,346,347,348,758,759,760,761,762,763,764,765,766,767,768,769,842,843,844,845,874,875,876,877,906,907,908,909,918,919,920,921,950,951,952,953,1010,1011,1012,1013,1082,1083,1084,1100,1101,1102,1103,1104,1105,1157,1158,1159,1175,1176,1177,1196,1197,1198,1217,1218,1219,1231,1232,1233,1234,1235,1236]	1	[93]
12608	3	1	0.24686193512752652	100	[48,49,50,51,52,53,54,168,169,170,171,172,279,280,281,282,283,289,290,291,292,293,299,300,301,302,303,319,320,321,322,323,344,345,346,347,348,758,759,760,761,762,763,764,765,766,767,768,769,842,843,844,845,874,875,876,877,906,907,908,909,918,919,920,921,950,951,952,953,1010,1011,1012,1013,1082,1083,1084,1100,1101,1102,1103,1104,1105,1157,1158,1159,1175,1176,1177,1196,1197,1198,1217,1218,1219,1231,1232,1233,1234,1235,1236]	1	[198]
12609	3	1	0.2519288300536573	100	[48,49,50,51,52,53,54,168,169,170,171,172,279,280,281,282,283,289,290,291,292,293,299,300,301,302,303,319,320,321,322,323,344,345,346,347,348,758,759,760,761,762,763,764,765,766,767,768,769,842,843,844,845,874,875,876,877,906,907,908,909,918,919,920,921,950,951,952,953,1010,1011,1012,1013,1082,1083,1084,1100,1101,1102,1103,1104,1105,1157,1158,1159,1175,1176,1177,1196,1197,1198,1217,1218,1219,1231,1232,1233,1234,1235,1236]	1	[408]
12610	3	1	0.24084236891940236	100	[48,49,50,51,52,53,54,168,169,170,171,172,279,280,281,282,283,289,290,291,292,293,299,300,301,302,303,319,320,321,322,323,344,345,346,347,348,758,759,760,761,762,763,764,765,766,767,768,769,842,843,844,845,874,875,876,877,906,907,908,909,918,919,920,921,950,951,952,953,1010,1011,1012,1013,1082,1083,1084,1100,1101,1102,1103,1104,1105,1157,1158,1159,1175,1176,1177,1196,1197,1198,1217,1218,1219,1231,1232,1233,1234,1235,1236]	1	[410]
12611	3	1	0.24570994800888002	100	[48,49,50,51,52,53,54,168,169,170,171,172,279,280,281,282,283,289,290,291,292,293,299,300,301,302,303,319,320,321,322,323,344,345,346,347,348,758,759,760,761,762,763,764,765,766,767,768,769,842,843,844,845,874,875,876,877,906,907,908,909,918,919,920,921,950,951,952,953,1010,1011,1012,1013,1082,1083,1084,1100,1101,1102,1103,1104,1105,1157,1158,1159,1175,1176,1177,1196,1197,1198,1217,1218,1219,1231,1232,1233,1234,1235,1236]	1	[412]
12612	3	1	0.24312202096916735	100	[48,49,50,51,52,53,54,168,169,170,171,172,279,280,281,282,283,289,290,291,292,293,299,300,301,302,303,319,320,321,322,323,344,345,346,347,348,758,759,760,761,762,763,764,765,766,767,768,769,842,843,844,845,874,875,876,877,906,907,908,909,918,919,920,921,950,951,952,953,1010,1011,1012,1013,1082,1083,1084,1100,1101,1102,1103,1104,1105,1157,1158,1159,1175,1176,1177,1196,1197,1198,1217,1218,1219,1231,1232,1233,1234,1235,1236]	1	[416]
12613	3	1	0.2597461771219969	100	[48,49,50,51,52,53,54,168,169,170,171,172,279,280,281,282,283,289,290,291,292,293,299,300,301,302,303,319,320,321,322,323,344,345,346,347,348,758,759,760,761,762,763,764,765,766,767,768,769,842,843,844,845,874,875,876,877,906,907,908,909,918,919,920,921,950,951,952,953,1010,1011,1012,1013,1082,1083,1084,1100,1101,1102,1103,1104,1105,1157,1158,1159,1175,1176,1177,1196,1197,1198,1217,1218,1219,1231,1232,1233,1234,1235,1236]	1	[421]
12614	3	1	0.19352513598278165	100	[48,49,50,51,52,53,54,168,169,170,171,172,279,280,281,282,283,289,290,291,292,293,299,300,301,302,303,319,320,321,322,323,344,345,346,347,348,758,759,760,761,762,763,764,765,766,767,768,769,842,843,844,845,874,875,876,877,906,907,908,909,918,919,920,921,950,951,952,953,1010,1011,1012,1013,1082,1083,1084,1100,1101,1102,1103,1104,1105,1157,1158,1159,1175,1176,1177,1196,1197,1198,1217,1218,1219,1231,1232,1233,1234,1235,1236]	1	[1351]
12615	3	1	0.19273226894438267	100	[48,49,50,51,52,53,54,168,169,170,171,172,279,280,281,282,283,289,290,291,292,293,299,300,301,302,303,319,320,321,322,323,344,345,346,347,348,758,759,760,761,762,763,764,765,766,767,768,769,842,843,844,845,874,875,876,877,906,907,908,909,918,919,920,921,950,951,952,953,1010,1011,1012,1013,1082,1083,1084,1100,1101,1102,1103,1104,1105,1157,1158,1159,1175,1176,1177,1196,1197,1198,1217,1218,1219,1231,1232,1233,1234,1235,1236]	1	[1279]
12616	3	1	0.19228088203817606	100	[48,49,50,51,52,53,54,168,169,170,171,172,279,280,281,282,283,289,290,291,292,293,299,300,301,302,303,319,320,321,322,323,344,345,346,347,348,758,759,760,761,762,763,764,765,766,767,768,769,842,843,844,845,874,875,876,877,906,907,908,909,918,919,920,921,950,951,952,953,1010,1011,1012,1013,1082,1083,1084,1100,1101,1102,1103,1104,1105,1157,1158,1159,1175,1176,1177,1196,1197,1198,1217,1218,1219,1231,1232,1233,1234,1235,1236]	1	[1386]
12617	3	1	0.19699077610857785	100	[48,49,50,51,52,53,54,168,169,170,171,172,279,280,281,282,283,289,290,291,292,293,299,300,301,302,303,319,320,321,322,323,344,345,346,347,348,758,759,760,761,762,763,764,765,766,767,768,769,842,843,844,845,874,875,876,877,906,907,908,909,918,919,920,921,950,951,952,953,1010,1011,1012,1013,1082,1083,1084,1100,1101,1102,1103,1104,1105,1157,1158,1159,1175,1176,1177,1196,1197,1198,1217,1218,1219,1231,1232,1233,1234,1235,1236]	1	[1320]
12618	3	1	0.1951524519827217	100	[48,49,50,51,52,53,54,168,169,170,171,172,279,280,281,282,283,289,290,291,292,293,299,300,301,302,303,319,320,321,322,323,344,345,346,347,348,758,759,760,761,762,763,764,765,766,767,768,769,842,843,844,845,874,875,876,877,906,907,908,909,918,919,920,921,950,951,952,953,1010,1011,1012,1013,1082,1083,1084,1100,1101,1102,1103,1104,1105,1157,1158,1159,1175,1176,1177,1196,1197,1198,1217,1218,1219,1231,1232,1233,1234,1235,1236]	1	[1308]
12619	3	1	0.1939428688492626	100	[48,49,50,51,52,53,54,168,169,170,171,172,279,280,281,282,283,289,290,291,292,293,299,300,301,302,303,319,320,321,322,323,344,345,346,347,348,758,759,760,761,762,763,764,765,766,767,768,769,842,843,844,845,874,875,876,877,906,907,908,909,918,919,920,921,950,951,952,953,1010,1011,1012,1013,1082,1083,1084,1100,1101,1102,1103,1104,1105,1157,1158,1159,1175,1176,1177,1196,1197,1198,1217,1218,1219,1231,1232,1233,1234,1235,1236]	1	[1310]
12620	3	1	0.19312008982524276	100	[48,49,50,51,52,53,54,168,169,170,171,172,279,280,281,282,283,289,290,291,292,293,299,300,301,302,303,319,320,321,322,323,344,345,346,347,348,758,759,760,761,762,763,764,765,766,767,768,769,842,843,844,845,874,875,876,877,906,907,908,909,918,919,920,921,950,951,952,953,1010,1011,1012,1013,1082,1083,1084,1100,1101,1102,1103,1104,1105,1157,1158,1159,1175,1176,1177,1196,1197,1198,1217,1218,1219,1231,1232,1233,1234,1235,1236]	1	[1422]
12621	3	1	0.19480034615844488	100	[48,49,50,51,52,53,54,168,169,170,171,172,279,280,281,282,283,289,290,291,292,293,299,300,301,302,303,319,320,321,322,323,344,345,346,347,348,758,759,760,761,762,763,764,765,766,767,768,769,842,843,844,845,874,875,876,877,906,907,908,909,918,919,920,921,950,951,952,953,1010,1011,1012,1013,1082,1083,1084,1100,1101,1102,1103,1104,1105,1157,1158,1159,1175,1176,1177,1196,1197,1198,1217,1218,1219,1231,1232,1233,1234,1235,1236]	1	[1295]
12622	3	1	0.19386498909443617	100	[48,49,50,51,52,53,54,168,169,170,171,172,279,280,281,282,283,289,290,291,292,293,299,300,301,302,303,319,320,321,322,323,344,345,346,347,348,758,759,760,761,762,763,764,765,766,767,768,769,842,843,844,845,874,875,876,877,906,907,908,909,918,919,920,921,950,951,952,953,1010,1011,1012,1013,1082,1083,1084,1100,1101,1102,1103,1104,1105,1157,1158,1159,1175,1176,1177,1196,1197,1198,1217,1218,1219,1231,1232,1233,1234,1235,1236]	1	[1423]
12623	3	1	0.14193525700829923	100	[48,49,50,51,52,53,54,168,169,170,171,172,279,280,281,282,283,289,290,291,292,293,299,300,301,302,303,319,320,321,322,323,344,345,346,347,348,758,759,760,761,762,763,764,765,766,767,768,769,842,843,844,845,874,875,876,877,906,907,908,909,918,919,920,921,950,951,952,953,1010,1011,1012,1013,1082,1083,1084,1100,1101,1102,1103,1104,1105,1157,1158,1159,1175,1176,1177,1196,1197,1198,1217,1218,1219,1231,1232,1233,1234,1235,1236]	1	[1404]
12624	3	1	0.138819393934682	100	[48,49,50,51,52,53,54,168,169,170,171,172,279,280,281,282,283,289,290,291,292,293,299,300,301,302,303,319,320,321,322,323,344,345,346,347,348,758,759,760,761,762,763,764,765,766,767,768,769,842,843,844,845,874,875,876,877,906,907,908,909,918,919,920,921,950,951,952,953,1010,1011,1012,1013,1082,1083,1084,1100,1101,1102,1103,1104,1105,1157,1158,1159,1175,1176,1177,1196,1197,1198,1217,1218,1219,1231,1232,1233,1234,1235,1236]	1	[1362]
12625	3	1	0.13902135891839862	100	[48,49,50,51,52,53,54,168,169,170,171,172,279,280,281,282,283,289,290,291,292,293,299,300,301,302,303,319,320,321,322,323,344,345,346,347,348,758,759,760,761,762,763,764,765,766,767,768,769,842,843,844,845,874,875,876,877,906,907,908,909,918,919,920,921,950,951,952,953,1010,1011,1012,1013,1082,1083,1084,1100,1101,1102,1103,1104,1105,1157,1158,1159,1175,1176,1177,1196,1197,1198,1217,1218,1219,1231,1232,1233,1234,1235,1236]	1	[1424]
12626	3	1	0.14128282596357167	100	[48,49,50,51,52,53,54,168,169,170,171,172,279,280,281,282,283,289,290,291,292,293,299,300,301,302,303,319,320,321,322,323,344,345,346,347,348,758,759,760,761,762,763,764,765,766,767,768,769,842,843,844,845,874,875,876,877,906,907,908,909,918,919,920,921,950,951,952,953,1010,1011,1012,1013,1082,1083,1084,1100,1101,1102,1103,1104,1105,1157,1158,1159,1175,1176,1177,1196,1197,1198,1217,1218,1219,1231,1232,1233,1234,1235,1236]	1	[1330]
12627	3	1	0.14096597209572792	100	[48,49,50,51,52,53,54,168,169,170,171,172,279,280,281,282,283,289,290,291,292,293,299,300,301,302,303,319,320,321,322,323,344,345,346,347,348,758,759,760,761,762,763,764,765,766,767,768,769,842,843,844,845,874,875,876,877,906,907,908,909,918,919,920,921,950,951,952,953,1010,1011,1012,1013,1082,1083,1084,1100,1101,1102,1103,1104,1105,1157,1158,1159,1175,1176,1177,1196,1197,1198,1217,1218,1219,1231,1232,1233,1234,1235,1236]	1	[1425]
12628	3	1	0.1482646120712161	100	[48,49,50,51,52,53,54,168,169,170,171,172,279,280,281,282,283,289,290,291,292,293,299,300,301,302,303,319,320,321,322,323,344,345,346,347,348,758,759,760,761,762,763,764,765,766,767,768,769,842,843,844,845,874,875,876,877,906,907,908,909,918,919,920,921,950,951,952,953,1010,1011,1012,1013,1082,1083,1084,1100,1101,1102,1103,1104,1105,1157,1158,1159,1175,1176,1177,1196,1197,1198,1217,1218,1219,1231,1232,1233,1234,1235,1236]	1	[1393]
12629	3	1	0.14139312994666398	100	[48,49,50,51,52,53,54,168,169,170,171,172,279,280,281,282,283,289,290,291,292,293,299,300,301,302,303,319,320,321,322,323,344,345,346,347,348,758,759,760,761,762,763,764,765,766,767,768,769,842,843,844,845,874,875,876,877,906,907,908,909,918,919,920,921,950,951,952,953,1010,1011,1012,1013,1082,1083,1084,1100,1101,1102,1103,1104,1105,1157,1158,1159,1175,1176,1177,1196,1197,1198,1217,1218,1219,1231,1232,1233,1234,1235,1236]	1	[1406]
12630	3	1	0.13965220097452402	100	[48,49,50,51,52,53,54,168,169,170,171,172,279,280,281,282,283,289,290,291,292,293,299,300,301,302,303,319,320,321,322,323,344,345,346,347,348,758,759,760,761,762,763,764,765,766,767,768,769,842,843,844,845,874,875,876,877,906,907,908,909,918,919,920,921,950,951,952,953,1010,1011,1012,1013,1082,1083,1084,1100,1101,1102,1103,1104,1105,1157,1158,1159,1175,1176,1177,1196,1197,1198,1217,1218,1219,1231,1232,1233,1234,1235,1236]	1	[1395]
12631	3	1	0.14236269611865282	100	[48,49,50,51,52,53,54,168,169,170,171,172,279,280,281,282,283,289,290,291,292,293,299,300,301,302,303,319,320,321,322,323,344,345,346,347,348,758,759,760,761,762,763,764,765,766,767,768,769,842,843,844,845,874,875,876,877,906,907,908,909,918,919,920,921,950,951,952,953,1010,1011,1012,1013,1082,1083,1084,1100,1101,1102,1103,1104,1105,1157,1158,1159,1175,1176,1177,1196,1197,1198,1217,1218,1219,1231,1232,1233,1234,1235,1236]	1	[1383]
12632	4	1	0.0007120030932128429	25	[93,198,408,410,412,416,421,1279,1295,1308,1310,1320,1330,1351,1362,1383,1386,1393,1395,1404,1406,1422,1423,1424,1425]	1	[1426]

#<data_id> <data_size> <read_time_avg> <write_time_avg> <is_static> <n_source_devices> [<device_id>...]
23	3213	0.16848322119994918	None	1	1	[denethor_bucket]
24	581	0.15846200820003561	0.05147557379998489	0	0	[denethor_bucket]
48	187	0.12211223768817801	0.05286611340000036	0	0	[denethor_bucket]
49	191	0.12211223768817801	0.0505090959999734	0	0	[denethor_bucket]
50	243	0.12317064854079171	0.050730224400035696	0	0	[denethor_bucket]
51	363	0.12776875167474636	0.041498618800005715	0	0	[denethor_bucket]
52	421	0.11984930817943629	0.04714660979996097	0	0	[denethor_bucket]
53	191	0.12211223768817801	0.04062323799992101	0	0	[denethor_bucket]
54	581	0.1297431537769121	0.05252282399997057	0	0	[denethor_bucket]
93	355	0.16439513819990453	0.15548133480003798	0	0	[denethor_bucket]
130	4851	0.07197456120004518	None	1	1	[denethor_bucket]
131	465	0.05389853819999644	0.04357765039999322	0	0	[denethor_bucket]
168	187	0.12211223768817801	0.04497209920000387	0	0	[denethor_bucket]
169	243	0.12317064854079171	0.043797186800043165	0	0	[denethor_bucket]
170	187	0.12211223768817801	0.045908353600066225	0	0	[denethor_bucket]
171	245	0.12317064854079171	0.04914232319997609	0	0	[denethor_bucket]
172	465	0.11984930817943629	0.04254335280002124	0	0	[denethor_bucket]
198	273	0.07188883080010555	0.08137535260004825	0	0	[denethor_bucket]
210	4502	0.05425549839992527	None	1	1	[denethor_bucket]
211	469	0.057968220000020665	0.047255830199969755	0	0	[denethor_bucket]
214	4110	0.06834137240002747	None	1	1	[denethor_bucket]
215	463	0.05285204259998864	0.04514337959999466	0	0	[denethor_bucket]
218	4071	0.05562272099998609	None	1	1	[denethor_bucket]
219	455	0.06198717440001929	0.04900630919989908	0	0	[denethor_bucket]
226	4424	0.05584218480009895	None	1	1	[denethor_bucket]
227	469	0.05316582160003236	0.04510009559983246	0	0	[denethor_bucket]
236	2621	0.06187538679987483	None	1	1	[denethor_bucket]
237	471	0.04539960400002201	0.044973136999874444	0	0	[denethor_bucket]
279	187	0.12211223768817801	0.04454431199997089	0	0	[denethor_bucket]
280	243	0.12317064854079171	0.04287478319999991	0	0	[denethor_bucket]
281	307	0.12776875167474636	0.04541932419999739	0	0	[denethor_bucket]
282	193	0.12211223768817801	0.04873895880004966	0	0	[denethor_bucket]
283	469	0.11984930817943629	0.0438166294000439	0	0	[denethor_bucket]
289	185	0.12211223768817801	0.054045326999948885	0	0	[denethor_bucket]
290	185	0.12211223768817801	0.04379817939998248	0	0	[denethor_bucket]
291	249	0.12317064854079171	0.039579442599983854	0	0	[denethor_bucket]
292	187	0.12211223768817801	0.04789594660001058	0	0	[denethor_bucket]
293	463	0.11984930817943629	0.042474732600044265	0	0	[denethor_bucket]
299	187	0.12211223768817801	0.04589166579999073	0	0	[denethor_bucket]
300	187	0.12211223768817801	0.04717784480001228	0	0	[denethor_bucket]
301	243	0.12317064854079171	0.042142834399987804	0	0	[denethor_bucket]
302	243	0.12317064854079171	0.04569790199998352	0	0	[denethor_bucket]
303	455	0.11984930817943629	0.04799042540003029	0	0	[denethor_bucket]
319	193	0.12211223768817801	0.04420257040003435	0	0	[denethor_bucket]
320	183	0.12211223768817801	0.04313427160000174	0	0	[denethor_bucket]
321	187	0.12211223768817801	0.04437893859997075	0	0	[denethor_bucket]
322	299	0.12317064854079171	0.04299620880003659	0	0	[denethor_bucket]
323	469	0.11984930817943629	0.043519670199975734	0	0	[denethor_bucket]
344	187	0.12211223768817801	0.04593199559997174	0	0	[denethor_bucket]
345	243	0.12317064854079171	0.041406935000009075	0	0	[denethor_bucket]
346	199	0.12211223768817801	0.0471290365999721	0	0	[denethor_bucket]
347	371	0.12776875167474636	0.045908354399966815	0	0	[denethor_bucket]
348	471	0.11984930817943629	0.040275940800029275	0	0	[denethor_bucket]
408	273	0.0728021879999801	0.23587191260000964	0	0	[denethor_bucket]
410	273	0.08176991459998817	0.09422959800001536	0	0	[denethor_bucket]
412	273	0.062453517200003715	0.08520155900005193	0	0	[denethor_bucket]
416	273	0.07265121160003218	0.08241978559995004	0	0	[denethor_bucket]
421	273	0.0637371804000054	0.08443156939990785	0	0	[denethor_bucket]
446	5339	0.05940229939990332	None	1	1	[denethor_bucket]
447	399	0.05441111460002048	0.050299440600019805	0	0	[denethor_bucket]
448	4278	0.06442005599983532	None	1	1	[denethor_bucket]
449	413	0.05479954400002498	0.04520621120000214	0	0	[denethor_bucket]
450	4122	0.05989169239994681	None	1	1	[denethor_bucket]
451	405	0.06153986699998768	0.045549945399989154	0	0	[denethor_bucket]
488	4103	0.0561971844000027	None	1	1	[denethor_bucket]
489	403	0.054113127000027815	0.044112638799924754	0	0	[denethor_bucket]
504	5118	0.045700571999987005	None	1	1	[denethor_bucket]
505	405	0.06117658559996926	0.046596208400001164	0	0	[denethor_bucket]
520	3833	0.05770223900001383	None	1	1	[denethor_bucket]
521	397	0.04978022979998969	0.04759929340004874	0	0	[denethor_bucket]
526	4162	0.05465757559989015	None	1	1	[denethor_bucket]
527	399	0.04746884019996287	0.0485226250001233	0	0	[denethor_bucket]
542	3431	0.05879001099997368	None	1	1	[denethor_bucket]
543	399	0.05411040100000264	0.04697022699999707	0	0	[denethor_bucket]
572	4000	0.06302295800007869	None	1	1	[denethor_bucket]
573	395	0.10965038459994503	0.04569575519999489	0	0	[denethor_bucket]
610	4670	0.06094407200009755	None	1	1	[denethor_bucket]
611	357	0.04526117780001187	0.051253001200052495	0	0	[denethor_bucket]
622	6252	0.062444926800026224	None	1	1	[denethor_bucket]
623	349	0.05318080680001458	0.050366490799979145	0	0	[denethor_bucket]
624	3266	0.06602336839991949	None	1	1	[denethor_bucket]
625	349	0.04868853119994583	0.04572028099994441	0	0	[denethor_bucket]
660	3992	0.0534830796001188	None	1	1	[denethor_bucket]
661	355	0.057002185800001826	0.04563244660000692	0	0	[denethor_bucket]
672	5980	0.06387853320006798	None	1	1	[denethor_bucket]
673	339	0.05105635700003859	0.04493754279994846	0	0	[denethor_bucket]
686	5886	0.06464820319988576	None	1	1	[denethor_bucket]
687	347	0.053418149000003724	0.04925132019998273	0	0	[denethor_bucket]
700	5182	0.0657715902000973	None	1	1	[denethor_bucket]
701	349	0.05948390419998759	0.045155684200017275	0	0	[denethor_bucket]
710	5700	0.06313648100010597	None	1	1	[denethor_bucket]
711	347	0.050464816600015186	0.042158171600090104	0	0	[denethor_bucket]
712	5186	0.057326864200013004	None	1	1	[denethor_bucket]
713	349	0.052470501000061634	0.04485081720004019	0	0	[denethor_bucket]
758	187	0.12211223768817801	0.05073494439998285	0	0	[denethor_bucket]
759	185	0.12211223768817801	0.03945712179997827	0	0	[denethor_bucket]
760	241	0.12317064854079171	0.04693993160001355	0	0	[denethor_bucket]
761	399	0.12776875167474636	0.046320802400032335	0	0	[denethor_bucket]
762	187	0.12211223768817801	0.05229621620007947	0	0	[denethor_bucket]
763	193	0.12211223768817801	0.04539258559996142	0	0	[denethor_bucket]
764	243	0.12317064854079171	0.048128304200008645	0	0	[denethor_bucket]
765	413	0.11984930817943629	0.045698369400020054	0	0	[denethor_bucket]
766	187	0.12211223768817801	0.04943979140005013	0	0	[denethor_bucket]
767	185	0.12211223768817801	0.047122874399997274	0	0	[denethor_bucket]
768	243	0.12317064854079171	0.04580128579998473	0	0	[denethor_bucket]
769	405	0.11984930817943629	0.046820203200036305	0	0	[denethor_bucket]
842	185	0.12211223768817801	0.042991901200002756	0	0	[denethor_bucket]
843	185	0.12211223768817801	0.047119958799930826	0	0	[denethor_bucket]
844	241	0.12317064854079171	0.05157407460003469	0	0	[denethor_bucket]
845	403	0.11984930817943629	0.05375352199998815	0	0	[denethor_bucket]
874	187	0.12211223768817801	0.047482279199994086	0	0	[denethor_bucket]
875	251	0.12317064854079171	0.050694889199985486	0	0	[denethor_bucket]
876	183	0.12211223768817801	0.043435519999979987	0	0	[denethor_bucket]
877	405	0.11984930817943629	0.050148741800012435	0	0	[denethor_bucket]
906	185	0.12211223768817801	0.04478127880001921	0	0	[denethor_bucket]
907	187	0.12211223768817801	0.05193420440004957	0	0	[denethor_bucket]
908	243	0.12317064854079171	0.045574348199988894	0	0	[denethor_bucket]
909	397	0.12776875167474636	0.04935338419998061	0	0	[denethor_bucket]
918	187	0.12211223768817801	0.046359514599930665	0	0	[denethor_bucket]
919	185	0.12211223768817801	0.0455929427999763	0	0	[denethor_bucket]
920	245	0.12317064854079171	0.04329087080009231	0	0	[denethor_bucket]
921	399	0.12776875167474636	0.04701975699999821	0	0	[denethor_bucket]
950	185	0.12211223768817801	0.04491846179996628	0	0	[denethor_bucket]
951	187	0.12211223768817801	0.04599934800000938	0	0	[denethor_bucket]
952	245	0.12317064854079171	0.04245340459999625	0	0	[denethor_bucket]
953	399	0.12776875167474636	0.04828694299994823	0	0	[denethor_bucket]
1010	185	0.12211223768817801	0.04421849739999289	0	0	[denethor_bucket]
1011	185	0.12211223768817801	0.04829369019998921	0	0	[denethor_bucket]
1012	241	0.12317064854079171	0.04418870199999674	0	0	[denethor_bucket]
1013	395	0.12776875167474636	0.04132480700004635	0	0	[denethor_bucket]
1082	193	0.12211223768817801	0.04978555039999719	0	0	[denethor_bucket]
1083	187	0.12211223768817801	0.04291007380002156	0	0	[denethor_bucket]
1084	357	0.12776875167474636	0.04047985299996526	0	0	[denethor_bucket]
1100	185	0.12211223768817801	0.04519428600003721	0	0	[denethor_bucket]
1101	187	0.12211223768817801	0.0427843330000087	0	0	[denethor_bucket]
1102	349	0.12776875167474636	0.042792862200076345	0	0	[denethor_bucket]
1103	185	0.12211223768817801	0.04321311680002964	0	0	[denethor_bucket]
1104	187	0.12211223768817801	0.045055110999987845	0	0	[denethor_bucket]
1105	349	0.12776875167474636	0.04377179999999044	0	0	[denethor_bucket]
1157	193	0.12211223768817801	0.04662383880001926	0	0	[denethor_bucket]
1158	193	0.12211223768817801	0.04304519179997897	0	0	[denethor_bucket]
1159	355	0.12776875167474636	0.045874413200021995	0	0	[denethor_bucket]
1175	185	0.12211223768817801	0.05095305039997129	0	0	[denethor_bucket]
1176	185	0.12211223768817801	0.044853377000004004	0	0	[denethor_bucket]
1177	339	0.12776875167474636	0.042128439600014646	0	0	[denethor_bucket]
1196	185	0.12211223768817801	0.04327571979999902	0	0	[denethor_bucket]
1197	249	0.12317064854079171	0.045277421799983134	0	0	[denethor_bucket]
1198	347	0.12776875167474636	0.049233779999985926	0	0	[denethor_bucket]
1217	185	0.12211223768817801	0.04515337600000748	0	0	[denethor_bucket]
1218	187	0.12211223768817801	0.04478424379999524	0	0	[denethor_bucket]
1219	349	0.12776875167474636	0.044941413599985935	0	0	[denethor_bucket]
1231	193	0.12211223768817801	0.0430914009999924	0	0	[denethor_bucket]
1232	185	0.12211223768817801	0.04616016900001796	0	0	[denethor_bucket]
1233	347	0.12776875167474636	0.043562003600050046	0	0	[denethor_bucket]
1234	185	0.12211223768817801	0.04433712040001865	0	0	[denethor_bucket]
1235	187	0.12211223768817801	0.042624714799990214	0	0	[denethor_bucket]
1236	349	0.12776875167474636	0.050898819600001845	0	0	[denethor_bucket]
1279	232	0.06367886339997994	0.07758220260002417	0	0	[denethor_bucket]
1295	236	0.07150060960011616	0.09052693559997352	0	0	[denethor_bucket]
1308	232	0.061996249800029095	0.0734144628000422	0	0	[denethor_bucket]
1310	232	0.059791497799960784	0.07153721180000049	0	0	[denethor_bucket]
1320	232	0.061759176399993974	0.07257341380000071	0	0	[denethor_bucket]
1330	194	0.06549904739993054	0.07553545740001937	0	0	[denethor_bucket]
1351	232	0.06526021239997135	0.0685550860000376	0	0	[denethor_bucket]
1362	194	0.060658374600109255	0.06374954660002459	0	0	[denethor_bucket]
1383	194	0.059021379999978765	0.07418443380006466	0	0	[denethor_bucket]
1386	232	0.05907538160005288	0.07265680540003815	0	0	[denethor_bucket]
1393	194	0.06925609459999578	0.07120887099995343	0	0	[denethor_bucket]
1395	194	0.06465498779998598	0.07033086200008257	0	0	[denethor_bucket]
1404	194	0.05970730619997085	0.07097651399997176	0	0	[denethor_bucket]
1406	194	0.061942481600056	0.07223404839999148	0	0	[denethor_bucket]
1422	232	0.06562291420005976	0.07526869119999446	0	0	[denethor_bucket]
1423	236	0.06288901539995777	0.07664358039999115	0	0	[denethor_bucket]
1424	194	0.06087099160002936	0.07592660540005909	0	0	[denethor_bucket]
1425	194	0.06060813339995548	0.068814586399958	0	0	[denethor_bucket]
1426	5103	None	0.06255276039989895	0	0	[denethor_bucket]

#<vm_id> <cpu_slowdown> <cost_per_second> <storage_mb> <bandwidth_mbps>
1	1.00000	0.0000051670	8192	1250
2	0.50000	0.0000206670	8192	1250
3	0.25000	0.0000826720	8192	5000
4	0.12500	0.0001653330	8192	5000
5	0.03125	0.0006800000	8192	12500

#<task_id> <activity_id> <conf_id> <task_cost> <task_time_duration> <task_time_init> <task_time_cpu> <task_time_read> <task_time_write> <task_count>
25	1	1	0.00000300654728	1.3471400000000002	0.84709	0.9156160049999796	0.3444279990000041	0.08709599600001638	1
25	1	2	0.00000378979885	0.8615499999999999	0.89226	0.5942682730005006	0.21886978999964413	0.04841193699985524	1
25	1	3	0.0000039810909	0.45373	0.8462200000000001	0.29031911700001684	0.12180087700005515	0.041610005999928035	1
25	1	4	0.00000530317687	0.30619	0.81911	0.19662247899996912	0.07481230799999139	0.034755213000039475	1
25	1	5	0.00001037568702	0.30527	0.83572	0.17726015099986353	0.08250513200005116	0.04550471700008529	1
35	2	1	0.0000022676083	0.99245	0.8334199999999999	0.14268315200005532	0.3282322640000075	0.5215345839999372	1
35	2	2	0.00000268971331	0.59753	0.81572	0.1070830440000857	0.17556002700007411	0.31488692899984017	1
35	2	3	0.00000424400809	0.48528	0.87054	0.10640178700010643	0.12116510099997413	0.2577131119999194	1
35	2	4	0.00000814001588	0.4764	0.8280000000000001	0.10673973199992486	0.08597417500004667	0.28368609300002845	1
35	2	5	0.00001651536596	0.48946	0.7296900000000001	0.10641862200031113	0.08137847400007558	0.30166290399961326	1
736	1	1	0.00000187737835	0.80514	0.0	0.659846641000007	0.08438752400002159	0.060905834999971376	1
736	1	2	0.00000254496302	0.56279	0.0	0.46413205799995466	0.05716203000019959	0.0414959119998457	1
736	1	3	0.00000336750634	0.38010000000000005	0.0	0.23273361399995576	0.10427588899995044	0.04309049700009382	1
736	1	4	0.0000049323428	0.28394	0.0	0.1765106589999436	0.06674773500003539	0.04068160600002102	1
736	1	5	0.00000802134898	0.23464	0.0	0.15562596999994696	0.047299628000018856	0.03171440200003417	1
756	2	1	0.00000132075224	0.53796	0.0	0.10452799499990033	0.09506095599999753	0.3383710490001022	1
756	2	2	0.00000181241989	0.38698000000000005	0.0	0.11236225499965849	0.04183918600006109	0.23277855900028044	1
756	2	3	0.00000294958883	0.32995	0.0	0.10442036700016269	0.04010960199991587	0.18542003099992144	1
756	2	4	0.00000580717788	0.33643	0.0	0.1043896960000481	0.04564841499995964	0.18639188899999226	1
756	2	5	0.00001152068931	0.33962000000000003	0.0	0.10393041799969535	0.04683453200004806	0.1888550500002566	1
805	1	1	0.00000162596119	0.6844600000000001	0.0	0.5376471980000006	0.0836510139999973	0.06316178800000216	1
805	1	2	0.0000022485041	0.49164	0.0	0.38257052700036426	0.053960085999733565	0.0551093869999022	1
805	1	3	0.00000276200512	0.30744	0.0	0.22652525899998494	0.04264619599996422	0.038268545000050835	1
805	1	4	0.00000429834153	0.2459	0.0	0.1650897580001296	0.04162678699992739	0.039183454999943024	1
805	1	5	0.0000080520157	0.23556000000000002	0.0	0.14561061500004557	0.049393409000003885	0.04055597599995053	1
807	1	1	0.00000195271184	0.8412999999999999	0.0	0.6805935580000084	0.10122757600004206	0.05947886599994945	1
807	1	2	0.00000286613033	0.63987	0.0	0.522172670000172	0.06908385199994882	0.04861347799987925	1
807	1	3	0.00000310658915	0.34879000000000004	0.0	0.25566456499983914	0.04805193800007146	0.045073497000089446	1
807	1	4	0.00000512267651	0.29536	0.0	0.18081615700002146	0.08184775100005481	0.03269609199992374	1
807	1	5	0.00000831268289	0.24338	0.0	0.1620292899998484	0.04149574500002018	0.039854965000131415	1
809	1	1	0.00000255702555	1.13137	0.0	0.9822157660000203	0.0851201250000031	0.06403410899997652	1
809	1	2	0.00000344042315	0.7777000000000001	0.0	0.6714108220002302	0.05160896799998227	0.05468020999978762	1
809	1	3	0.00000376150712	0.42738	0.0	0.3416307579999801	0.04330054600006861	0.04244869599995127	1
809	1	4	0.00000544067715	0.31444	0.0	0.22398798699999628	0.05125833900001453	0.03919367399998919	1
809	1	5	0.00000962735219	0.28282	0.0	0.19131951600034727	0.046825626999861925	0.04467485699979079	1
813	1	1	0.00000234662929	1.03038	0.0	0.8787943949999635	0.08959554800003389	0.06199005700000271	1
813	1	2	0.00000299425559	0.67062	0.0	0.5768109600004583	0.053888137000285496	0.039920902999256214	1
813	1	3	0.00000359767346	0.40772	0.0	0.30277694099989344	0.05054738800004088	0.054395671000065704	1
813	1	4	0.00000502534298	0.28952	0.0	0.21360872200007863	0.04106493500000852	0.03484634299991285	1
813	1	5	0.00000869735033	0.25492	0.0	0.1764575799999492	0.04411491600012596	0.03434750399992481	1
818	1	1	0.00000119439782	0.47731	0.0	0.3131970569999226	0.09650829200006683	0.06760465100001056	1
818	1	2	0.00000156300273	0.32712	0.0	0.223930823001033	0.05775546399945597	0.045433712999511044	1
818	1	3	0.00000234117095	0.25694	0.0	0.16027701299994118	0.05936908299997867	0.03729390400008015	1
818	1	4	0.00000391350743	0.22281	0.0	0.1271098650000982	0.05872331199998371	0.03697682299991811	1
818	1	5	0.00000663301287	0.19299000000000002	0.0	0.11841262300025869	0.03702078299988898	0.03755659399985234	1
855	2	1	0.00000126871047	0.51298	0.0	0.10492729499995448	0.08683553299999858	0.32121717200004696	1
855	2	2	0.00000176362813	0.37527	0.0	0.10465986799977099	0.0449105770001097	0.2256995550001193	1
855	2	3	0.00000303267233	0.33992	0.0	0.10465471899998914	0.049518520999981774	0.1857467600000291	1
855	2	4	0.00000609051178	0.35343	0.0	0.10452687200006193	0.05383352000001196	0.19506960799992612	1
855	2	5	0.00001213635721	0.35808999999999996	0.0	0.10411010799981142	0.05474294900000132	0.19923694300018724	1
857	2	1	0.00000132666892	0.5408	0.0	0.11933968999995682	0.08013605000007828	0.34132425999996485	1
857	2	2	0.00000175771145	0.37385	0.0	0.10472727899996938	0.04693980699994427	0.22218291400008638	1
857	2	3	0.00000288983871	0.32277999999999996	0.0	0.10456367199996043	0.042039035000016156	0.17617729300002338	1
857	2	4	0.00000604717836	0.35083	0.0	0.10491814299998993	0.04831569700002092	0.19759615999998914	1
857	2	5	0.00001195569018	0.35267000000000004	0.0	0.10415286200033	0.04682962399988355	0.20168751399978646	1
859	2	1	0.00000133535644	0.5449700000000001	0.0	0.10491023500011283	0.07704269900000327	0.3630170659998839	1
859	2	2	0.00000174666976	0.3712	0.0	0.11301729299971265	0.04818521800007147	0.20999748900021586	1
859	2	3	0.00000313242253	0.35189	0.0	0.10498709300006488	0.06677615000000969	0.18012675699992542	1
859	2	4	0.00000619917866	0.35995	0.0	0.10477728600003156	0.06799618200000168	0.18717653199996676	1
859	2	5	0.00001213869054	0.35816000000000003	0.0	0.10403885899995857	0.04993562300001031	0.20418551800003115	1
863	2	1	0.0000013505648	0.55227	0.0	0.12378137999994715	0.09152226399999108	0.33696635600006175	1
863	2	2	0.00000162108618	0.34106000000000003	0.0	0.10899649000001096	0.04262575600000673	0.1894377539999823	1
863	2	3	0.00000299858893	0.33583	0.0	0.10504006699990356	0.04184080200002427	0.18894913100007216	1
863	2	4	0.00000574701109	0.33282	0.0	0.10470351800020881	0.04116083099995649	0.1869556509998347	1
863	2	5	0.00001158868944	0.34166	0.0	0.10413113899967193	0.048679455000183225	0.18884940600014488	1
868	2	1	0.00000129191885	0.52412	0.0	0.12395690899991871	0.06328810400009388	0.3368749869999874	1
868	2	2	0.00000167591962	0.35422000000000003	0.0	0.11308141099999808	0.04056141599994589	0.20057717300005606	1
868	2	3	0.00000293708881	0.32845	0.0	0.10586616400010115	0.03929243699997187	0.18329139899992697	1
868	2	4	0.00000568067763	0.32883999999999997	0.0	0.10464443099998318	0.0422253220000357	0.1819702469999811	1
868	2	5	0.00001177702315	0.34731	0.0	0.10513175300014388	0.0416307410000627	0.20054750599979343	1
1294	1	1	0.00000263567154	1.16912	0.0	1.002790483999981	0.08459962400002041	0.08172989199999847	1
1294	1	2	0.000003533715	0.8000900000000001	0.0	0.6950605710001582	0.06147826599953987	0.04355116300030204	1
1294	1	3	0.00000380875722	0.43305000000000005	0.0	0.34515008699988525	0.047447908000094685	0.04045200500002011	1
1294	1	4	0.00000541201042	0.31272000000000005	0.0	0.22778993800010153	0.043148975999997674	0.041781085999900824	1
1294	1	5	0.00001003168633	0.29495	0.0	0.19063022000025848	0.06033672299986392	0.04398305699987759	1
1295	1	1	0.00000199667026	0.8623999999999999	0.0	0.7034139299999173	0.099058164999974	0.059927905000108694	1
1295	1	2	0.00000272067171	0.60496	0.0	0.47145883000063715	0.09205253699929017	0.04144863300007273	1
1295	1	3	0.00000300108894	0.33613	0.0	0.24810349700007636	0.04668958699994619	0.041336915999977464	1
1295	1	4	0.00000452917532	0.25975	0.0	0.18021250999999303	0.03837484400003177	0.04116264599997521	1
1295	1	5	0.00000860301681	0.25209000000000004	0.0	0.16400989700018895	0.04592514699993444	0.04215495599987662	1
1296	1	1	0.00000149596093	0.62206	0.0	0.463680540000008	0.09653302300000632	0.0618464369999856	1
1296	1	2	0.00000198217023	0.42772000000000004	0.0	0.32498353100013516	0.04647360899980413	0.056262860000060755	1
1296	1	3	0.00000257358808	0.28482999999999997	0.0	0.17814376000006912	0.06731931599995278	0.0393669239999781	1
1296	1	4	0.00000393917415	0.22435	0.0	0.14155754000004944	0.04810202800001662	0.034690431999933935	1
1296	1	5	0.00000705801372	0.20574	0.0	0.12912644000005843	0.04103048599995418	0.03558307399998739	1
1315	1	1	0.00000134287729	0.5485800000000001	0.0	0.38715822800007405	0.09830196400002933	0.0631198079998967	1
1315	1	2	0.00000158591944	0.33262	0.0	0.24471032900042075	0.052840459999970335	0.03506921099960891	1
1315	1	3	0.00000231083755	0.2533	0.0	0.16873849900006083	0.043365175999952044	0.041196324999987155	1
1315	1	4	0.00000372184038	0.21131	0.0	0.13579371199986923	0.037496924000038234	0.03801936400009254	1
1315	1	5	0.00000737001434	0.21509999999999999	0.0	0.12296011599993799	0.048981398000023546	0.043158486000038465	1
1323	1	1	0.00000334217295	1.50824	0.0	1.3758404799999646	0.06719981100002315	0.06519970900001226	1
1323	1	2	0.00000411471616	0.93953	0.0	0.8494412690000765	0.04603657600000588	0.04405215499991755	1
1323	1	3	0.00000433375827	0.49605000000000005	0.0	0.4054423359999963	0.04507992699996066	0.04552773700004309	1
1323	1	4	0.00000572501105	0.3315	0.0	0.25792624099994466	0.03584508400001596	0.0377286750000394	1
1323	1	5	0.00001008401977	0.29652	0.0	0.2217057720000771	0.03434146199992938	0.0404727659999935	1
1331	1	1	0.00000126148129	0.50951	0.0	0.3572604960000033	0.08871172600004229	0.06353777799995441	1
1331	1	2	0.00000174996143	0.37199000000000004	0.0	0.26499805299990314	0.04536224999992555	0.06162969700017129	1
1331	1	3	0.0000026843383	0.29812	0.0	0.17781795500009695	0.07879318999994211	0.04150885499996093	1
1331	1	4	0.00000380267387	0.21616	0.0	0.13540472899995634	0.044570857000053365	0.036184413999990284	1
1331	1	5	0.0000066480129	0.19344	0.0	0.1272311049997274	0.031073172000105842	0.03513572300016676	1
1334	1	1	0.00000171814887	0.7287100000000001	0.0	0.5817305089999755	0.0879357759999948	0.059043715000029806	1
1334	1	2	0.00000250550461	0.55332	0.0	0.4328833919999091	0.06528492599954916	0.05515168200054177	1
1334	1	3	0.00000289517206	0.32342000000000004	0.0	0.2346916270000192	0.04757609800003593	0.04115227499994489	1
1334	1	4	0.00000428267483	0.24496	0.0	0.16610746999993714	0.03658873400001994	0.04226379600004293	1
1334	1	5	0.00000800568228	0.23417	0.0	0.15326599900009197	0.03590234399985093	0.045001657000057094	1
1342	1	1	0.0000018011282	0.76854	0.0	0.6138560919999618	0.0876069370000323	0.06707697100000587	1
1342	1	2	0.00000246133786	0.5427200000000001	0.0	0.4326125570001666	0.059256231999825104	0.050851211000008334	1
1342	1	3	0.00000304717236	0.34166	0.0	0.2451321540000419	0.059470542999974896	0.03705730299998322	1
1342	1	4	0.00000421300803	0.24078	0.0	0.16262110999994572	0.040785826000046654	0.037373064000007616	1
1342	1	5	0.00000830634955	0.24319	0.0	0.15386689700003028	0.04683051699998941	0.04249258599998029	1
1357	1	1	0.00000215556641	0.93867	0.0	0.7582798239999401	0.11788360900004591	0.062506567000014	1
1357	1	2	0.00000278613017	0.6206699999999999	0.0	0.5232618609995642	0.04580248300044332	0.05160565599999245	1
1357	1	3	0.00000324833943	0.3658	0.0	0.2699111630000387	0.05641852199994446	0.03947031500001685	1
1357	1	4	0.00000472984239	0.27179000000000003	0.0	0.18802526799992308	0.04466220700010126	0.039102524999975685	1
1357	1	5	0.00000852368331	0.24971000000000002	0.0	0.16356831800016605	0.050347968999858494	0.03579371299997547	1
1376	1	1	0.00000218704564	0.95378	0.0	0.7676945800000733	0.0976300639999863	0.08845535599994037	1
1376	1	2	0.0000029515055	0.6603600000000001	0.0	0.5523201759989746	0.06532654200054822	0.04271328200047719	1
1376	1	3	0.00000335450631	0.37854000000000004	0.0	0.298712090000051	0.03918190499996399	0.04064600499998505	1
1376	1	4	0.00000519634333	0.29978	0.0	0.2064979050000504	0.048046247999991465	0.045235846999958085	1
1376	1	5	0.00000912168451	0.26765	0.0	0.17389988300010042	0.05453560099999777	0.03921451599990178	1
1382	1	1	0.00000231008755	1.01284	0.0	0.8564155409999502	0.09206238000001576	0.0643620790000341	1
1382	1	2	0.00000319325599	0.71838	0.0	0.5886028160000232	0.08211682199998904	0.0476603619999878	1
1382	1	3	0.00000341458976	0.38575	0.0	0.30326933899990943	0.03846880400010377	0.044011856999986776	1
1382	1	4	0.00000527767682	0.30466000000000004	0.0	0.1970438690001276	0.05245609999997214	0.0551600309999003	1
1382	1	5	0.00000900968429	0.26429	0.0	0.17653134699996287	0.0471205280000504	0.04063812499998676	1
1383	1	1	0.00000111210599	0.43781000000000003	0.0	0.2755402480000708	0.09640039199996409	0.06586935999996513	1
1383	1	2	0.00000137516902	0.28204	0.0	0.17493844500035544	0.06554325599972799	0.04155829899991659	1
1383	1	3	0.0000020684204	0.22421000000000002	0.0	0.1357303470000779	0.04773701799990704	0.04074263500001507	1
1383	1	4	0.00000406584106	0.23195	0.0	0.12435131899998686	0.06666269499999089	0.04093598600002224	1
1383	1	5	0.00000715934725	0.20878	0.0	0.11551139400018955	0.05377348100000745	0.03949512499980301	1
1401	1	1	0.00000188306587	0.80787	0.0	0.6768985320001294	0.06688082999994549	0.06409063799992509	1
1401	1	2	0.00000258542144	0.5725	0.0	0.4629579329991975	0.0541923240007236	0.05534974300007889	1
1401	1	3	0.00000287008867	0.32041000000000003	0.0	0.23658249800003722	0.044998836999980085	0.03882866499998272	1
1401	1	4	0.00000452400865	0.25944	0.0	0.17562082900004083	0.047499876999950175	0.036319294000008995	1
1401	1	5	0.00000836634967	0.24499	0.0	0.1575725769999665	0.053843529999994644	0.03357389300003888	1
1407	1	1	0.00000294744299	1.31877	0.0	1.1563062479999922	0.09831717400004436	0.06414657799996348	1
1407	1	2	0.00000393809081	0.89714	0.0	0.7845405540001236	0.07223838600020827	0.040361059999668214	1
1407	1	3	0.00000429359152	0.49123000000000006	0.0	0.396950173000077	0.05537163099995723	0.038908195999965756	1
1407	1	4	0.00000580284454	0.33617	0.0	0.2565215210000433	0.04089090499996928	0.03875757399998747	1
1407	1	5	0.00001027268681	0.30218	0.0	0.20709112399968188	0.05257457000016075	0.042514306000157376	1
1414	1	1	0.00000304746403	1.36678	0.0	1.2362148309999215	0.06988764300001549	0.06067752600006315	1
1414	1	2	0.00000419675799	0.9592200000000001	0.0	0.8450113360006933	0.05414400799963914	0.06006465599966759	1
1414	1	3	0.00000433575827	0.49629	0.0	0.404791675000025	0.0513518089999252	0.040146516000049814	1
1414	1	4	0.00000655067937	0.38104000000000005	0.0	0.26120879400004204	0.07671117899997171	0.043120026999986294	1
1414	1	5	0.00001118002196	0.32939999999999997	0.0	0.21600574699997593	0.07114637699987725	0.04224787600014679	1
1421	1	1	0.0000022149207	0.96716	0.0	0.7846068810000235	0.10519074000001183	0.07736237899996468	1
1421	1	2	0.00000292192211	0.65326	0.0	0.5631066729992651	0.05232495700056461	0.03782837000017025	1
1421	1	3	0.00000350917329	0.3971	0.0	0.28672435900009496	0.0732460969999238	0.03712954399998125	1
1421	1	4	0.00000477967583	0.27477999999999997	0.0	0.19521721899995031	0.0418794260000368	0.03768335500001285	1
1421	1	5	0.00000885501731	0.25965	0.0	0.16765849600009314	0.056216730999949505	0.03577477299995735	1
1426	1	1	0.00000242027527	1.06573	0.0	0.9189643179998634	0.08489653500009808	0.06186914700003854	1
1426	1	2	0.00000325071443	0.73217	0.0	0.6384236259989429	0.05274611300046672	0.0410002610005904	1
1426	1	3	0.00000384909063	0.43789	0.0	0.3220688470000438	0.07994039999994129	0.03588075300001492	1
1426	1	4	0.0000050823431	0.29294	0.0	0.2121452790001526	0.04436559699990994	0.036429123999937474	1
1426	1	5	0.00000915268457	0.26858	0.0	0.17923466700001706	0.05373376000011376	0.03561157299986917	1
1427	1	1	0.00000190835758	0.82001	0.0	0.6561019959999365	0.09866040400004294	0.06524760000002061	1
1427	1	2	0.00000240708775	0.5297000000000001	0.0	0.43220934100004094	0.05392455699984566	0.04356610200011346	1
1427	1	3	0.00000290383874	0.32445999999999997	0.0	0.23568597700007188	0.04589479699995991	0.042879225999968185	1
1427	1	4	0.00000440267507	0.25216	0.0	0.17057984899997441	0.0451122970000597	0.03646785399996588	1
1427	1	5	0.00000785401531	0.22962000000000002	0.0	0.15048442999971043	0.043042266000156815	0.036093304000132775	1
1495	2	1	0.00000119779366	0.47894000000000003	0.0	0.1174864030000776	0.09752764699999261	0.2639259499999298	1
1495	2	2	0.00000150896095	0.31415	0.0	0.10455183899996917	0.04334459699998661	0.1662535640000442	1
1495	2	3	0.00000267667162	0.2972	0.0	0.10460023499993185	0.046234185999992405	0.14636557900007574	1
1495	2	4	0.00000510400981	0.29424	0.0	0.10416507599978582	0.03998621000005187	0.15008871400016233	1
1495	2	5	0.00001151368929	0.33941000000000004	0.0	0.10381687300009816	0.04496293300007892	0.19063019399982295	1
1496	2	1	0.00000130654388	0.53114	0.0	0.104514919999992	0.09959237700002177	0.3270327029999862	1
1496	2	2	0.00000156233606	0.32696	0.0	0.10423306599990696	0.04105698500006838	0.18166994900002464	1
1496	2	3	0.00000268817164	0.29858	0.0	0.10442998800009087	0.043742094999970504	0.1504079169999386	1
1496	2	4	0.00000493817614	0.28429000000000004	0.0	0.10431629599992363	0.042620842000019366	0.13735286200005703	1
1496	2	5	0.00001060468748	0.31214	0.0	0.10404063299961365	0.04698542100004488	0.16111394600034146	1
1497	2	1	0.0000012989397	0.52749	0.0	0.1233820280000939	0.08741075299997192	0.3166972189999342	1
1497	2	2	0.00000155333604	0.32480000000000003	0.0	0.10436335800013223	0.06338463399993088	0.1570520079999369	1
1497	2	3	0.0000029985056	0.33582	0.0	0.10462983799992463	0.07026573699999972	0.16092442500007564	1
1497	2	4	0.00000521584336	0.30095	0.0	0.1046227889998474	0.044141134000028615	0.152186077000124	1
1497	2	5	0.00001038168703	0.30545	0.0	0.10389187799972131	0.042497077000007266	0.1590610450002714	1
1516	2	1	0.00000119971033	0.47986	0.0	0.10439502900007154	0.06944852599997375	0.30601644499995473	1
1516	2	2	0.00000168071129	0.35537	0.0	0.1043931560002485	0.04222181599993746	0.20875502799981405	1
1516	2	3	0.00000284058861	0.31687	0.0	0.10435105299985128	0.06682479300002342	0.1456941540001253	1
1516	2	4	0.00000541034375	0.31262	0.0	0.10457203199992648	0.05097965900006329	0.15706830900001023	1
1516	2	5	0.00001035768698	0.30473	0.0	0.10397581199998103	0.041090841000141154	0.15966334699987783	1
1524	2	1	0.0000012315229	0.49513	0.0	0.10462484400009624	0.08840892399996392	0.30209623199993985	1
1524	2	2	0.00000168708631	0.3569	0.0	0.1044102329999572	0.0556034119999822	0.19688635500006058	1
1524	2	3	0.00000265108824	0.29413	0.0	0.10454051700003664	0.042369099000097776	0.1472203839998656	1
1524	2	4	0.00000508150976	0.29289	0.0	0.10535698900008594	0.03812645799996517	0.14940655299994887	1
1524	2	5	0.0000118166899	0.34850000000000003	0.0	0.10392733800011775	0.08137503499983723	0.16319762700004503	1
1532	2	1	0.00000121152286	0.48552999999999996	0.0	0.11637335099995312	0.06453083499991408	0.3046258140001328	1
1532	2	2	0.00000154271102	0.32225	0.0	0.10441796899982911	0.04974148900009823	0.16809054200007267	1
1532	2	3	0.00000283225526	0.31587	0.0	0.10450491599997816	0.048405141999978696	0.16295994200004316	1
1532	2	4	0.00000516150992	0.29769	0.0	0.10457676400006898	0.03839540899991789	0.15471782700001313	1
1532	2	5	0.00001085702131	0.31971	0.0	0.10405977300003082	0.04782827400003953	0.16782195299992964	1
1535	2	1	0.00000122939789	0.49411000000000005	0.0	0.11712522699999625	0.07335763800006134	0.3036271349999424	1
1535	2	2	0.0000014496275	0.29991	0.0	0.1043094170000133	0.03983202499989602	0.1557685580000907	1
1535	2	3	0.00000263425487	0.29211000000000004	0.0	0.10453214299993523	0.03927351599998019	0.1483043410000846	1
1535	2	4	0.00000499934293	0.28796	0.0	0.10439861999987164	0.03924317999997129	0.14431820000015705	1
1535	2	5	0.00001050735395	0.30922000000000005	0.0	0.10428496600038192	0.045637841999905504	0.1592971919997126	1
1543	2	1	0.00000123266873	0.49568	0.0	0.11479397600010788	0.09505859600005806	0.28582742799983407	1
1543	2	2	0.00000147375255	0.30569999999999997	0.0	0.10442616399984507	0.04441638699995565	0.15685744900019927	1
1543	2	3	0.00000268658831	0.29839	0.0	0.10465636700014841	0.04151093600000877	0.1522226969998428	1
1543	2	4	0.00000513967655	0.29638	0.0	0.10467008600005637	0.0427081120000139	0.14900180199992974	1
1543	2	5	0.0000107166877	0.3155	0.0	0.10426061500022843	0.04685797399997682	0.16438141099979475	1
1558	2	1	0.00000138598154	0.5692699999999999	0.0	0.11715162800002736	0.18868161199998212	0.2634367599999905	1
1558	2	2	0.0000019145451	0.41149	0.0	0.1047306229998378	0.13201587999992626	0.17474349700023595	1
1558	2	3	0.0000031012558	0.34814999999999996	0.0	0.10455349300010709	0.08580556499998693	0.15779094199990595	1
1558	2	4	0.00000564434422	0.32666	0.0	0.10443823999997512	0.06716303099995002	0.1550587290000749	1
1558	2	5	0.00001079235452	0.31777	0.0	0.10408561000020154	0.07458583499987981	0.13909855499991863	1
1577	2	1	0.00000101575163	0.39156	0.0	0.10415455400002026	0.066553214999999	0.22085223099998075	1
1577	2	2	0.00000127450215	0.25788	0.0	0.1042769619999716	0.04181718500012721	0.11178585299990118	1
1577	2	3	0.00000241167109	0.26539999999999997	0.0	0.1041796709998838	0.041631925000046976	0.1195884040000692	1
1577	2	4	0.0000044323418	0.25394	0.0	0.10418032800004079	0.03662167699997099	0.11313799499998822	1
1577	2	5	0.0000083323496	0.24397	0.0	0.10377521000010413	0.03968188699991515	0.10051290299998072	1
1583	2	1	0.00000105441838	0.41012000000000004	0.0	0.11626220000004481	0.08934401299995898	0.20451378699999623	1
1583	2	2	0.00000127425215	0.25782	0.0	0.10400483099984587	0.03900866499998301	0.11480650400017112	1
1583	2	3	0.00000240875442	0.26505	0.0	0.10418938499995312	0.040282724000007875	0.12057789100003902	1
1583	2	4	0.00000444034181	0.25442	0.0	0.10503567600007492	0.04029402099990875	0.10909030300001632	1
1583	2	5	0.00000905168437	0.26555	0.0	0.10370646799939714	0.05697461100021428	0.10486892100038858	1
1584	2	1	0.00000107837676	0.42162	0.0	0.1363309120001005	0.08081619099993986	0.20447289699995963	1
1584	2	2	0.00000133087726	0.27141000000000004	0.0	0.10415865499993214	0.042325895999965724	0.12492544900010216	1
1584	2	3	0.00000237942103	0.26153	0.0	0.1041748179999397	0.046127924999950665	0.1112272570001096	1
1584	2	4	0.00000455467538	0.26127999999999996	0.0	0.10499179200013554	0.03920435899999575	0.11708384899986868	1
1584	2	5	0.00000824101608	0.24123	0.0	0.10377102800012332	0.03496828499987714	0.10249068699999953	1
1602	2	1	0.00000105581421	0.41079000000000004	0.0	0.1183286599999547	0.08953750399996352	0.2029238360000818	1
1602	2	2	0.00000137021067	0.28085000000000004	0.0	0.10397862199978557	0.05175451900004191	0.12511685900017255	1
1602	2	3	0.00000249225458	0.27507	0.0	0.10428151400012149	0.04382365599997229	0.12696482999990621	1
1602	2	4	0.0000047191757	0.27115	0.0	0.10426024399995401	0.05909692500006258	0.10779283099998338	1
1602	2	5	0.00000887368401	0.26021	0.0	0.10449281200007403	0.04079832499996883	0.11491886299995713	1
1608	2	1	0.00000105704338	0.41138	0.0	0.1165555789998424	0.08996000400009052	0.20486441700006708	1
1608	2	2	0.00000137396068	0.28175	0.0	0.10407746399995449	0.042631244999938644	0.13504129100010687	1
1608	2	3	0.00000251175462	0.27741000000000005	0.0	0.10432678599996979	0.044506791999992856	0.12857642200003738	1
1608	2	4	0.00000449484192	0.25769000000000003	0.0	0.10419429400005578	0.0420008720000169	0.11149483399992732	1
1608	2	5	0.00000851901664	0.24957	0.0	0.10368975700003495	0.03618287200015402	0.10969737099981103	1
1615	2	1	0.0000011015643	0.43275	0.0	0.10475248599999668	0.0987500280000404	0.22924748599996292	1
1615	2	2	0.00000133012726	0.27123	0.0	0.10426377699985506	0.04443784599993705	0.12252837700020791	1
1615	2	3	0.00000245600451	0.27072	0.0	0.1042869620001909	0.0468125869999767	0.11962045099983243	1
1615	2	4	0.00000449300859	0.25758	0.0	0.10473775299991946	0.04158889200004978	0.11125335500003075	1
1615	2	5	0.00000838701637	0.24561000000000002	0.0	0.10382366900017893	0.035501392000014675	0.1062849389998064	1
1622	2	1	0.00000104835586	0.40720999999999996	0.0	0.10424186599997479	0.09561445600002116	0.20735367800000404	1
1622	2	2	0.00000134325229	0.27438	0.0	0.10455507300019133	0.043008186999941245	0.12681673999986742	1
1622	2	3	0.00000249050458	0.27486	0.0	0.10455194899999368	0.043550454000069294	0.12675759699993705	1
1622	2	4	0.0000048358426	0.27815	0.0	0.10527916899993159	0.06578259000002618	0.10708824100004222	1
1622	2	5	0.00000886001732	0.25980000000000003	0.0	0.10395725500002738	0.04946383399988008	0.10637891100009256	1
1627	2	1	0.00000109116845	0.42776	0.0	0.13769061199988006	0.08708768300004976	0.20298170500007018	1
1627	2	2	0.00000126071045	0.25457	0.0	0.10402423299973299	0.039935145000072225	0.11061062200019478	1
1627	2	3	0.0000024813379	0.27376	0.0	0.10420300599988218	0.04376140400006534	0.12579559000005247	1
1627	2	4	0.00000466200892	0.26772	0.0	0.10424498700018899	0.04184610199990857	0.12162891099990247	1
1627	2	5	0.00000842134978	0.24664	0.0	0.10389521099993783	0.039693748999980016	0.10305104000008214	1
1628	2	1	0.000001032085	0.3994	0.0	0.11904353199996365	0.07927257100004681	0.20108389699998952	1
1628	2	2	0.00000141912744	0.29258999999999996	0.0	0.10888461099964826	0.04534515700015618	0.13836023200019554	1
1628	2	3	0.0000023161709	0.25394	0.0	0.10434380199984611	0.043259332000047834	0.10633686600010606	1
1628	2	4	0.00000514934323	0.29696	0.0	0.10465396400012282	0.050777348999986316	0.14152868699989085	1
1628	2	5	0.0000085156833	0.24947	0.0	0.10377831200005741	0.04369809600007102	0.10199359199987157	1
12607	3	1	0.00005537680411	26.4848130042817	0.74754	13.880960268999967	12.310233004281697	0.29361973100003524	1
12607	3	2	0.00008168155048	19.555533004281695	0.77058	7.047103495000058	12.310233004281697	0.19819650499994168	1
12607	3	3	0.0001346178772	16.1301130042817	0.74214	3.6933580940000077	12.310233004281697	0.12652190599999358	1
12607	3	4	0.00023915202797	14.337093004281698	0.80335	1.9436479169999656	12.310233004281697	0.08321208300003491	1
12607	3	5	0.00046060268761	13.812053004281697	0.76125	1.4259635509998152	12.310233004281697	0.07585644900018451	1
12608	3	1	0.00004962175094	23.7223930042817	0.0	11.191140776000026	12.310233004281697	0.2210192239999742	1
12608	3	2	0.00007572366356	18.1256430042817	0.0	5.753760485999763	12.310233004281697	0.061649514000237104	1
12608	3	3	0.00012817953099	15.357513004281698	0.0	2.9974633519999543	12.310233004281697	0.04981664800004637	1
12608	3	4	0.00023171717977	13.891003004281698	0.0	1.5482126789999875	12.310233004281697	0.03255732100001296	1
12608	3	5	0.00044730199434	13.413033004281697	0.0	1.0609659440000287	12.310233004281697	0.04183405599997059	1
12609	3	1	0.00004950650071	23.667073004281697	0.0	11.137781768000048	12.310233004281697	0.2190582319999521	1
12609	3	2	0.00007908383695	18.932083004281697	0.0	5.794227516999857	12.310233004281697	0.8276224830001411	1
12609	3	3	0.00012890386578	15.444433004281699	0.0	3.0827622409999913	12.310233004281697	0.051437759000009464	1
12609	3	4	0.00023252084805	13.939223004281697	0.0	1.5891269060000022	12.310233004281697	0.039863093999997545	1
12609	3	5	0.00044795632899	13.432663004281698	0.0	1.0810520050000523	12.310233004281697	0.04137799499994799	1
12610	3	1	0.00004985954308	23.836533004281698	0.0	11.33173986600003	12.310233004281697	0.19456013399997119	1
12610	3	2	0.00007676649898	18.375923004281695	0.0	5.959740550999963	12.310233004281697	0.10594944900003611	1
12610	3	3	0.00012869478202	15.419343004281698	0.0	3.0135037980000017	12.310233004281697	0.09560620199999903	1
12610	3	4	0.00023251918138	13.939123004281697	0.0	1.5924993599999635	12.310233004281697	0.036390640000036	1
12610	3	5	0.00044837132982	13.4451130042817	0.0	1.0962384349999665	12.310233004281697	0.03864156500003446	1
12611	3	1	0.00004916477085	23.503043004281697	0.0	11.004150769000024	12.310233004281697	0.18865923099997417	1
12611	3	2	0.00007566449678	18.111443004281696	0.0	5.696980689999608	12.310233004281697	0.1042293100003917	1
12611	3	3	0.00012818986435	15.358753004281699	0.0	2.997696132000048	12.310233004281697	0.0508238679999522	1
12611	3	4	0.0002322468475	13.922783004281698	0.0	1.574661341000081	12.310233004281697	0.037888658999918334	1
12611	3	5	0.00044825799626	13.441713004281697	0.0	1.0870732729999764	12.310233004281697	0.04440672700002324	1
12612	3	1	0.00004952345907	23.675213004281698	0.0	11.19908959699995	12.310233004281697	0.16589040300004854	1
12612	3	2	0.00007601412248	18.195353004281696	0.0	5.77765132900012	12.310233004281697	0.10746867099987867	1
12612	3	3	0.00012792644715	15.327143004281698	0.0	2.95568402399994	12.310233004281697	0.061225976000059745	1
12612	3	4	0.00023234618103	13.928743004281698	0.0	1.579476805999988	12.310233004281697	0.03903319400001237	1
12612	3	5	0.00044728866098	13.412633004281698	0.0	1.0639193160002487	12.310233004281697	0.03848068399975091	1
12613	3	1	0.00005056089865	24.1731830042817	0.0	11.672672508000051	12.310233004281697	0.19027749199995014	1
12613	3	2	0.00007639378991	18.286473004281696	0.0	5.861899548000147	12.310233004281697	0.11434045199985121	1
12613	3	3	0.00012965403394	15.534453004281698	0.0	3.181894267000015	12.310233004281697	0.04232573299998421	1
12613	3	4	0.00023315684932	13.977383004281698	0.0	1.6278045740000453	12.310233004281697	0.039345425999954386	1
12613	3	5	0.00044856399687	13.450893004281697	0.0	1.1047912560002005	12.310233004281697	0.035868743999799335	1
12614	3	1	0.00004708107919	22.502873004281696	0.0	10.00630691000005	12.310233004281697	0.18633308999994824	1
12614	3	2	0.0000726564491	17.389513004281696	0.0	5.036856893999884	12.310233004281697	0.042423106000114785	1
12614	3	3	0.00012550194231	15.036203004281697	0.0	2.6824843869999695	12.310233004281697	0.043485613000029844	1
12614	3	4	0.00022944150855	13.754463004281698	0.0	1.4053051709999473	12.310233004281697	0.03892482900005234	1
12614	3	5	0.00044359898694	13.301943004281696	0.0	0.9601012079999564	12.310233004281697	0.03160879200004274	1
12615	3	1	0.00004709420421	22.5091730042817	0.0	10.000270545000044	12.310233004281697	0.19866945499995836	1
12615	3	2	0.00007339615891	17.5670430042817	0.0	5.199779407999955	12.310233004281697	0.057030592000046454	1
12615	3	3	0.00012581577627	15.0738630042817	0.0	2.7149350230000326	12.310233004281697	0.048694976999968276	1
12615	3	4	0.00022915617465	13.737343004281698	0.0	1.3884772570000068	12.310233004281697	0.03863274299999375	1
12615	3	5	0.00044511732331	13.347493004281699	0.0	0.9923767539998463	12.310233004281697	0.04488324600015403	1
12616	3	1	0.00004733255886	22.623583004281695	0.0	10.138143013999965	12.310233004281697	0.1752069860000347	1
12616	3	2	0.00007307503327	17.489973004281694	0.0	5.119716988000124	12.310233004281697	0.06002301199987414	1
12616	3	3	0.00012492585782	14.967073004281698	0.0	2.6127349170000236	12.310233004281697	0.04410508299997673	1
12616	3	4	0.00022889800747	13.721853004281696	0.0	1.3713124799999432	12.310233004281697	0.040307520000055774	1
12616	3	5	0.00044455832219	13.330723004281698	0.0	0.9768485739997504	12.310233004281697	0.04364142600024934	1
12617	3	1	0.00004715907934	22.5403130042817	0.0	10.053514842999975	12.310233004281697	0.17656515700002728	1
12617	3	2	0.00007331965876	17.5486830042817	0.0	5.184585990000131	12.310233004281697	0.05386400999987018	1
12617	3	3	0.00012597544325	15.093023004281699	0.0	2.7384937969999563	12.310233004281697	0.04429620300004444	1
12617	3	4	0.00022889967414	13.721953004281698	0.0	1.3664462969999787	12.310233004281697	0.04527370300002076	1
12617	3	5	0.00044524232356	13.351243004281699	0.0	0.9981420039999593	12.310233004281697	0.042867996000040876	1
12618	3	1	0.00004778762227	22.842013004281696	0.0	10.342773388999918	12.310233004281697	0.18900661100008165	1
12618	3	2	0.00007333149211	17.551523004281698	0.0	5.18358571799997	12.310233004281697	0.057704282000031526	1
12618	3	3	0.00012512644155	14.991143004281698	0.0	2.636915326999957	12.310233004281697	0.043994673000042894	1
12618	3	4	0.00022908050783	13.732803004281697	0.0	1.3848439559999897	12.310233004281697	0.037726044000010006	1
12618	3	5	0.00044445798866	13.327713004281698	0.0	0.9788392959999547	12.310233004281697	0.038640704000044934	1
12619	3	1	0.00004753622593	22.7213430042817	0.0	10.238671855000002	12.310233004281697	0.172438145000001	1
12619	3	2	0.00007329236704	17.5421330042817	0.0	5.17714269900012	12.310233004281697	0.05475730099988141	1
12619	3	3	0.00012504027472	14.980803004281697	0.0	2.6200393820000745	12.310233004281697	0.0505306179999252	1
12619	3	4	0.00022898350764	13.726983004281697	0.0	1.3780042799999346	12.310233004281697	0.038745720000065376	1
12619	3	5	0.00044463232234	13.332943004281697	0.0	0.9814957249998697	12.310233004281697	0.04121427500012942	1
12620	3	1	0.00004733816304	22.6262730042817	0.0	10.120020346999995	12.310233004281697	0.19601965300000757	1
12620	3	2	0.00007409545198	17.7348730042817	0.0	5.374311660999683	12.310233004281697	0.05032833900031619	1
12620	3	3	0.00012560569251	15.048653004281698	0.0	2.6944244559999597	12.310233004281697	0.043995544000040354	1
12620	3	4	0.00022948617531	13.757143004281698	0.0	1.4019801750000598	12.310233004281697	0.04492982499994014	1
12620	3	5	0.00044483865608	13.339133004281697	0.0	0.9878299050003316	12.310233004281697	0.04107009499966807	1
12621	3	1	0.00004768797623	22.7941830042817	0.0	10.288140036000023	12.310233004281697	0.1958099639999773	1
12621	3	2	0.00007360928434	17.618193004281697	0.0	5.248649046999978	12.310233004281697	0.05931095300002198	1
12621	3	3	0.00012620244371	15.120263004281698	0.0	2.690406279999951	12.310233004281697	0.11962372000004962	1
12621	3	4	0.00022960984222	13.764563004281698	0.0	1.416334534000016	12.310233004281697	0.037995465999983935	1
12621	3	5	0.00044500298975	13.344063004281697	0.0	0.9939354250001652	12.310233004281697	0.03989457499983473	1
12622	3	1	0.00004742778821	22.669293004281695	0.0	10.172019470000008	12.310233004281697	0.1870405299999902	1
12622	3	2	0.00007315715843	17.509683004281698	0.0	5.134973946000104	12.310233004281697	0.06447605399989698	1
12622	3	3	0.00012564252592	15.053073004281698	0.0	2.697294705999979	12.310233004281697	0.045545294000021386	1
12622	3	4	0.00022955217544	13.761103004281697	0.0	1.4130551940000842	12.310233004281697	0.037814805999914824	1
12622	3	5	0.00044580565802	13.368143004281698	0.0	1.0095687819998675	12.310233004281697	0.04834121800013236	1
12623	3	1	0.00004524888802	21.6234230042817	0.0	9.146125116000047	12.310233004281697	0.16706488399995578	1
12623	3	2	0.00007101323748	16.995143004281697	0.0	4.623962387000175	12.310233004281697	0.06094761299982565	1
12623	3	3	0.00012294043718	14.728823004281699	0.0	2.3715405749999316	12.310233004281697	0.04704942500006837	1
12623	3	4	0.00022668583638	13.589123004281698	0.0	1.2384342369999313	12.310233004281697	0.040455763000068146	1
12623	3	5	0.00044173698321	13.246083004281697	0.0	0.8964851150000596	12.310233004281697	0.03936488499994084	1
12624	3	1	0.00004504630428	21.526183004281698	0.0	9.05707601000004	12.310233004281697	0.15887398999996094	1
12624	3	2	0.00007114323774	17.0263430042817	0.0	4.672244753000243	12.310233004281697	0.0438652469997578	1
12624	3	3	0.00012279043688	14.710823004281698	0.0	2.3533072449999173	12.310233004281697	0.04728275500008294	1
12624	3	4	0.00022649483599	13.577663004281698	0.0	1.233044892999952	12.310233004281697	0.034385107000048265	1
12624	3	5	0.00044148831605	13.238623004281697	0.0	0.8940493659997264	12.310233004281697	0.034340634000272985	1
12625	3	1	0.00004476938706	21.393263004281696	0.0	8.889033486999997	12.310233004281697	0.19399651300000187	1
12625	3	2	0.00007128040468	17.059263004281696	0.0	4.696147339999748	12.310233004281697	0.052882660000250326	1
12625	3	3	0.00012313468757	14.752133004281697	0.0	2.395084554000017	12.310233004281697	0.04681544599998233	1
12625	3	4	0.00022661383623	13.584803004281698	0.0	1.2328291590000218	12.310233004281697	0.04174084099997799	1
12625	3	5	0.00044070164781	13.215023004281699	0.0	0.860592432999918	12.310233004281697	0.04419756700008293	1
12626	3	1	0.00004529574228	21.6459130042817	0.0	9.129577551999978	12.310233004281697	0.2061024480000242	1
12626	3	2	0.00007096311238	16.983113004281698	0.0	4.633046124999888	12.310233004281697	0.03983387500011304	1
12626	3	3	0.00012262451988	14.690913004281699	0.0	2.334204925000011	12.310233004281697	0.046475074999989374	1
12626	3	4	0.00022685900339	13.599513004281699	0.0	1.248902187000037	12.310233004281697	0.04037781299996368	1
12626	3	5	0.00044109831527	13.226923004281698	0.0	0.871801923999994	12.310233004281697	0.04488807600000655	1
12627	3	1	0.00004482759551	21.4212030042817	0.0	8.933363723000006	12.310233004281697	0.17760627699999532	1
12627	3	2	0.00007095586236	16.981373004281696	0.0	4.623052711000204	12.310233004281697	0.04808728899979542	1
12627	3	3	0.00012276977017	14.708343004281698	0.0	2.3554962180000114	12.310233004281697	0.04261378199998944	1
12627	3	4	0.00022724000415	13.622373004281696	0.0	1.2743849500000124	12.310233004281697	0.03775504999998702	1
12627	3	5	0.00044260665162	13.272173004281699	0.0	0.9239294659999778	12.310233004281697	0.038010534000022744	1
12628	3	1	0.00004523313799	21.615863004281696	0.0	9.134075276000022	12.310233004281697	0.17155472399997507	1
12628	3	2	0.00007127302966	17.0574930042817	0.0	4.684435676000154	12.310233004281697	0.06282432399984827	1
12628	3	3	0.00012358410514	14.806063004281699	0.0	2.4493338750000238	12.310233004281697	0.04649612499997602	1
12628	3	4	0.00022647683596	13.576583004281698	0.0	1.2305714619999553	12.310233004281697	0.035778538000045046	1
12628	3	5	0.00044203331714	13.254973004281698	0.0	0.905349356000077	12.310233004281697	0.03939064399992276	1
12629	3	1	0.00004541911753	21.7051330042817	0.0	9.208481590000014	12.310233004281697	0.1864184099999875	1
12629	3	2	0.00007148519675	17.108413004281697	0.0	4.7447814499998895	12.310233004281697	0.053398550000110845	1
12629	3	3	0.00012324727113	14.765643004281698	0.0	2.4122742360000013	12.310233004281697	0.043135763999998744	1
12629	3	4	0.0002264836693	13.576993004281698	0.0	1.2280820469999536	12.310233004281697	0.03867795300004673	1
12629	3	5	0.00044151031609	13.239283004281697	0.0	0.8895104350001857	12.310233004281697	0.03953956499981359	1
12630	3	1	0.00004500001253	21.503963004281697	0.0	9.023495336000037	12.310233004281697	0.17023466399996323	1
12630	3	2	0.00007123398792	17.0481230042817	0.0	4.6816696379997955	12.310233004281697	0.05622036200020375	1
12630	3	3	0.00012278335354	14.709973004281698	0.0	2.3577551879999903	12.310233004281697	0.0419848120000097	1
12630	3	4	0.00022727033754	13.624193004281697	0.0	1.2704359029999541	12.310233004281697	0.043524097000045	1
12630	3	5	0.00044108998192	13.226673004281698	0.0	0.8767496249998094	12.310233004281697	0.039690375000191125	1
12631	3	1	0.0000448535539	21.433663004281698	0.0	8.9246543149999	12.310233004281697	0.19877568500010057	1
12631	3	2	0.00007133302978	17.071893004281698	0.0	4.716878582999805	12.310233004281697	0.04478141700019478	1
12631	3	3	0.00012342760482	14.787283004281697	0.0	2.4322171060000892	12.310233004281697	0.044832893999910084	1
12631	3	4	0.000226664003	13.587813004281697	0.0	1.2350443809999088	12.310233004281697	0.042535619000091174	1
12631	3	5	0.00044051298077	13.209363004281697	0.0	0.8591334459999725	12.310233004281697	0.03999655400002666	1
12632	4	1	0.00000677305481	3.15506	0.74076	0.024411400999903434	3.029490312000121	0.10115828699997564	1
12632	4	2	0.00000840784975	1.96988	0.8013300000000001	0.0062445589986846245	1.8818650530010927	0.08177038800022274	1
12632	4	3	0.00001075468778	1.26656	0.80502	0.007577626000370856	1.2142383659996767	0.04474400799995237	1
12632	4	4	0.00002076020779	1.2336099999999999	0.79867	0.006367098000738452	1.1901115419991584	0.037131360000103086	1
12632	4	5	0.00004539575706	1.35587	0.808	0.006162021000041023	1.301748220000718	0.047959758999240876	1

#<bucket_range_id> <size1_gb> <size2_gb> <cost_per_gb>
1	0	51200	0.0405
2	51200	460800	0.0390
3	460800	99999999999999	0.0370
