#<#tasks> <#config> <#data> <#vms> <#buckets> <#bucket_ranges> <max_running_time> <max_financial_cost>
76	5	220	3	1	3	1000	999999

#<task_id> <activity_id> <task_type__0-VM__1-VM_FX> <vm_cpu_time> <n_input> [<id_input>...] <n_output> [<id_output>...]
1	1	1	0.0065893520368263125	1	[1]	1	[2]
2	1	1	0.03532905096653849	1	[3]	1	[4]
23	1	1	0.044234719942323864	1	[19]	1	[20]
24	1	1	0.015116904978640378	1	[21]	1	[22]
25	1	1	0.05255588295403868	1	[23]	1	[24]
26	1	1	0.0667713830480352	1	[25]	1	[26]
27	1	1	0.0350534429308027	1	[27]	1	[28]
28	1	1	0.050183841958642006	1	[29]	1	[30]
29	1	1	0.033459151978604496	1	[31]	1	[32]
30	1	1	0.05638185597490519	1	[33]	1	[34]
731	1	1	0.031430518021807075	1	[120]	1	[121]
732	1	1	0.01721876801457256	1	[122]	1	[123]
733	1	1	0.02160850097425282	1	[124]	1	[125]
734	1	1	0.026191618060693145	1	[126]	1	[127]
735	1	1	0.09345179598312825	1	[128]	1	[129]
736	1	1	0.048628592980094254	1	[130]	1	[131]
737	1	1	0.028109420090913773	1	[132]	1	[133]
738	1	1	0.060668570920825005	1	[134]	1	[135]
739	1	1	0.03639017906971276	1	[136]	1	[137]
740	1	1	0.03290650108829141	1	[138]	1	[139]
802	1	1	0.03118671104311943	1	[204]	1	[205]
803	1	1	0.02908313402440399	1	[206]	1	[207]
804	1	1	0.038805076968856156	1	[208]	1	[209]
805	1	1	0.039740632055327296	1	[210]	1	[211]
806	1	1	0.0590616810368374	1	[212]	1	[213]
9	2	1	0.0012435499811545014	1	[2]	3	[5,6,7]
10	2	1	0.0031330599449574947	1	[4]	8	[8,9,10,11,12,13,14,15]
33	2	1	0.0023506180150434375	1	[20]	7	[35,36,37,38,39,40,41]
34	2	1	0.002102207043208182	1	[22]	6	[42,43,44,45,46,47]
35	2	1	0.0024478939594700933	1	[24]	7	[48,49,50,51,52,53,54]
36	2	1	0.0033520699944347143	1	[26]	7	[55,56,57,58,59,60,61]
37	2	1	0.00363738602027297	1	[28]	8	[62,63,64,65,66,67,68,69]
38	2	1	0.002305542933754623	1	[30]	7	[70,71,72,73,74,75,76]
39	2	1	0.002290526987053454	1	[32]	6	[77,78,79,80,81,82]
40	2	1	0.0023806520039215684	1	[34]	7	[83,84,85,86,87,88,89]
751	2	1	0.002043897984549403	1	[121]	6	[140,141,142,143,144,145]
752	2	1	0.0021287130657583475	1	[123]	6	[146,147,148,149,150,151]
753	2	1	0.0017332839779555798	1	[125]	5	[152,153,154,155,156]
754	2	1	0.0022168930154293776	1	[127]	6	[157,158,159,160,161,162]
755	2	1	0.0017473379848524928	1	[129]	5	[163,164,165,166,167]
756	2	1	0.001786104985512793	1	[131]	5	[168,169,170,171,172]
757	2	1	0.001990137971006334	1	[133]	5	[173,174,175,176,177]
758	2	1	0.0017225380288437009	1	[135]	5	[178,179,180,181,182]
759	2	1	0.0018851110944524407	1	[137]	5	[183,184,185,186,187]
760	2	1	0.0019889629911631346	1	[139]	5	[188,189,190,191,192]
852	2	1	0.0022063039941713214	1	[205]	5	[264,265,266,267,268]
853	2	1	0.0023973279166966677	1	[207]	5	[269,270,271,272,273]
854	2	1	0.001713863923214376	1	[209]	5	[274,275,276,277,278]
855	2	1	0.0018210740527138114	1	[211]	5	[279,280,281,282,283]
856	2	1	0.002193475957028568	1	[213]	5	[284,285,286,287,288]
2503	3	1	0.22228395205456764	144	[5,6,7,8,9,10,11,12,13,14,15,35,36,37,38,39,40,41,42,43,44,45,46,47,48,49,50,51,52,53,54,55,56,57,58,59,60,61,62,63,64,65,66,67,68,69,70,71,72,73,74,75,76,77,78,79,80,81,82,83,84,85,86,87,88,89,140,141,142,143,144,145,146,147,148,149,150,151,152,153,154,155,156,157,158,159,160,161,162,163,164,165,166,167,168,169,170,171,172,173,174,175,176,177,178,179,180,181,182,183,184,185,186,187,188,189,190,191,192,264,265,266,267,268,269,270,271,272,273,274,275,276,277,278,279,280,281,282,283,284,285,286,287,288]	1	[16]
2504	3	1	0.7682396000018343	144	[5,6,7,8,9,10,11,12,13,14,15,35,36,37,38,39,40,41,42,43,44,45,46,47,48,49,50,51,52,53,54,55,56,57,58,59,60,61,62,63,64,65,66,67,68,69,70,71,72,73,74,75,76,77,78,79,80,81,82,83,84,85,86,87,88,89,140,141,142,143,144,145,146,147,148,149,150,151,152,153,154,155,156,157,158,159,160,161,162,163,164,165,166,167,168,169,170,171,172,173,174,175,176,177,178,179,180,181,182,183,184,185,186,187,188,189,190,191,192,264,265,266,267,268,269,270,271,272,273,274,275,276,277,278,279,280,281,282,283,284,285,286,287,288]	1	[90]
2505	3	1	0.7712478230241686	144	[5,6,7,8,9,10,11,12,13,14,15,35,36,37,38,39,40,41,42,43,44,45,46,47,48,49,50,51,52,53,54,55,56,57,58,59,60,61,62,63,64,65,66,67,68,69,70,71,72,73,74,75,76,77,78,79,80,81,82,83,84,85,86,87,88,89,140,141,142,143,144,145,146,147,148,149,150,151,152,153,154,155,156,157,158,159,160,161,162,163,164,165,166,167,168,169,170,171,172,173,174,175,176,177,178,179,180,181,182,183,184,185,186,187,188,189,190,191,192,264,265,266,267,268,269,270,271,272,273,274,275,276,277,278,279,280,281,282,283,284,285,286,287,288]	1	[95]
2506	3	1	0.5706143650459126	144	[5,6,7,8,9,10,11,12,13,14,15,35,36,37,38,39,40,41,42,43,44,45,46,47,48,49,50,51,52,53,54,55,56,57,58,59,60,61,62,63,64,65,66,67,68,69,70,71,72,73,74,75,76,77,78,79,80,81,82,83,84,85,86,87,88,89,140,141,142,143,144,145,146,147,148,149,150,151,152,153,154,155,156,157,158,159,160,161,162,163,164,165,166,167,168,169,170,171,172,173,174,175,176,177,178,179,180,181,182,183,184,185,186,187,188,189,190,191,192,264,265,266,267,268,269,270,271,272,273,274,275,276,277,278,279,280,281,282,283,284,285,286,287,288]	1	[91]
2507	3	1	0.5850247209891677	144	[5,6,7,8,9,10,11,12,13,14,15,35,36,37,38,39,40,41,42,43,44,45,46,47,48,49,50,51,52,53,54,55,56,57,58,59,60,61,62,63,64,65,66,67,68,69,70,71,72,73,74,75,76,77,78,79,80,81,82,83,84,85,86,87,88,89,140,141,142,143,144,145,146,147,148,149,150,151,152,153,154,155,156,157,158,159,160,161,162,163,164,165,166,167,168,169,170,171,172,173,174,175,176,177,178,179,180,181,182,183,184,185,186,187,188,189,190,191,192,264,265,266,267,268,269,270,271,272,273,274,275,276,277,278,279,280,281,282,283,284,285,286,287,288]	1	[93]
2508	3	1	0.5502132709370926	144	[5,6,7,8,9,10,11,12,13,14,15,35,36,37,38,39,40,41,42,43,44,45,46,47,48,49,50,51,52,53,54,55,56,57,58,59,60,61,62,63,64,65,66,67,68,69,70,71,72,73,74,75,76,77,78,79,80,81,82,83,84,85,86,87,88,89,140,141,142,143,144,145,146,147,148,149,150,151,152,153,154,155,156,157,158,159,160,161,162,163,164,165,166,167,168,169,170,171,172,173,174,175,176,177,178,179,180,181,182,183,184,185,186,187,188,189,190,191,192,264,265,266,267,268,269,270,271,272,273,274,275,276,277,278,279,280,281,282,283,284,285,286,287,288]	1	[94]
2509	3	1	0.57341292896308	144	[5,6,7,8,9,10,11,12,13,14,15,35,36,37,38,39,40,41,42,43,44,45,46,47,48,49,50,51,52,53,54,55,56,57,58,59,60,61,62,63,64,65,66,67,68,69,70,71,72,73,74,75,76,77,78,79,80,81,82,83,84,85,86,87,88,89,140,141,142,143,144,145,146,147,148,149,150,151,152,153,154,155,156,157,158,159,160,161,162,163,164,165,166,167,168,169,170,171,172,173,174,175,176,177,178,179,180,181,182,183,184,185,186,187,188,189,190,191,192,264,265,266,267,268,269,270,271,272,273,274,275,276,277,278,279,280,281,282,283,284,285,286,287,288]	1	[96]
2510	3	1	0.4825021519791335	144	[5,6,7,8,9,10,11,12,13,14,15,35,36,37,38,39,40,41,42,43,44,45,46,47,48,49,50,51,52,53,54,55,56,57,58,59,60,61,62,63,64,65,66,67,68,69,70,71,72,73,74,75,76,77,78,79,80,81,82,83,84,85,86,87,88,89,140,141,142,143,144,145,146,147,148,149,150,151,152,153,154,155,156,157,158,159,160,161,162,163,164,165,166,167,168,169,170,171,172,173,174,175,176,177,178,179,180,181,182,183,184,185,186,187,188,189,190,191,192,264,265,266,267,268,269,270,271,272,273,274,275,276,277,278,279,280,281,282,283,284,285,286,287,288]	1	[97]
2511	3	1	0.6125969060231	144	[5,6,7,8,9,10,11,12,13,14,15,35,36,37,38,39,40,41,42,43,44,45,46,47,48,49,50,51,52,53,54,55,56,57,58,59,60,61,62,63,64,65,66,67,68,69,70,71,72,73,74,75,76,77,78,79,80,81,82,83,84,85,86,87,88,89,140,141,142,143,144,145,146,147,148,149,150,151,152,153,154,155,156,157,158,159,160,161,162,163,164,165,166,167,168,169,170,171,172,173,174,175,176,177,178,179,180,181,182,183,184,185,186,187,188,189,190,191,192,264,265,266,267,268,269,270,271,272,273,274,275,276,277,278,279,280,281,282,283,284,285,286,287,288]	1	[98]
2512	3	1	0.4646293299738318	144	[5,6,7,8,9,10,11,12,13,14,15,35,36,37,38,39,40,41,42,43,44,45,46,47,48,49,50,51,52,53,54,55,56,57,58,59,60,61,62,63,64,65,66,67,68,69,70,71,72,73,74,75,76,77,78,79,80,81,82,83,84,85,86,87,88,89,140,141,142,143,144,145,146,147,148,149,150,151,152,153,154,155,156,157,158,159,160,161,162,163,164,165,166,167,168,169,170,171,172,173,174,175,176,177,178,179,180,181,182,183,184,185,186,187,188,189,190,191,192,264,265,266,267,268,269,270,271,272,273,274,275,276,277,278,279,280,281,282,283,284,285,286,287,288]	1	[92]
2513	3	1	0.46089732099790126	144	[5,6,7,8,9,10,11,12,13,14,15,35,36,37,38,39,40,41,42,43,44,45,46,47,48,49,50,51,52,53,54,55,56,57,58,59,60,61,62,63,64,65,66,67,68,69,70,71,72,73,74,75,76,77,78,79,80,81,82,83,84,85,86,87,88,89,140,141,142,143,144,145,146,147,148,149,150,151,152,153,154,155,156,157,158,159,160,161,162,163,164,165,166,167,168,169,170,171,172,173,174,175,176,177,178,179,180,181,182,183,184,185,186,187,188,189,190,191,192,264,265,266,267,268,269,270,271,272,273,274,275,276,277,278,279,280,281,282,283,284,285,286,287,288]	1	[193]
2514	3	1	0.527940207044594	144	[5,6,7,8,9,10,11,12,13,14,15,35,36,37,38,39,40,41,42,43,44,45,46,47,48,49,50,51,52,53,54,55,56,57,58,59,60,61,62,63,64,65,66,67,68,69,70,71,72,73,74,75,76,77,78,79,80,81,82,83,84,85,86,87,88,89,140,141,142,143,144,145,146,147,148,149,150,151,152,153,154,155,156,157,158,159,160,161,162,163,164,165,166,167,168,169,170,171,172,173,174,175,176,177,178,179,180,181,182,183,184,185,186,187,188,189,190,191,192,264,265,266,267,268,269,270,271,272,273,274,275,276,277,278,279,280,281,282,283,284,285,286,287,288]	1	[194]
2515	3	1	0.3920429189456627	144	[5,6,7,8,9,10,11,12,13,14,15,35,36,37,38,39,40,41,42,43,44,45,46,47,48,49,50,51,52,53,54,55,56,57,58,59,60,61,62,63,64,65,66,67,68,69,70,71,72,73,74,75,76,77,78,79,80,81,82,83,84,85,86,87,88,89,140,141,142,143,144,145,146,147,148,149,150,151,152,153,154,155,156,157,158,159,160,161,162,163,164,165,166,167,168,169,170,171,172,173,174,175,176,177,178,179,180,181,182,183,184,185,186,187,188,189,190,191,192,264,265,266,267,268,269,270,271,272,273,274,275,276,277,278,279,280,281,282,283,284,285,286,287,288]	1	[195]
2516	3	1	0.49764280405361205	144	[5,6,7,8,9,10,11,12,13,14,15,35,36,37,38,39,40,41,42,43,44,45,46,47,48,49,50,51,52,53,54,55,56,57,58,59,60,61,62,63,64,65,66,67,68,69,70,71,72,73,74,75,76,77,78,79,80,81,82,83,84,85,86,87,88,89,140,141,142,143,144,145,146,147,148,149,150,151,152,153,154,155,156,157,158,159,160,161,162,163,164,165,166,167,168,169,170,171,172,173,174,175,176,177,178,179,180,181,182,183,184,185,186,187,188,189,190,191,192,264,265,266,267,268,269,270,271,272,273,274,275,276,277,278,279,280,281,282,283,284,285,286,287,288]	1	[196]
2517	3	1	0.39755104889627546	144	[5,6,7,8,9,10,11,12,13,14,15,35,36,37,38,39,40,41,42,43,44,45,46,47,48,49,50,51,52,53,54,55,56,57,58,59,60,61,62,63,64,65,66,67,68,69,70,71,72,73,74,75,76,77,78,79,80,81,82,83,84,85,86,87,88,89,140,141,142,143,144,145,146,147,148,149,150,151,152,153,154,155,156,157,158,159,160,161,162,163,164,165,166,167,168,169,170,171,172,173,174,175,176,177,178,179,180,181,182,183,184,185,186,187,188,189,190,191,192,264,265,266,267,268,269,270,271,272,273,274,275,276,277,278,279,280,281,282,283,284,285,286,287,288]	1	[197]
2518	3	1	0.3876251640031114	144	[5,6,7,8,9,10,11,12,13,14,15,35,36,37,38,39,40,41,42,43,44,45,46,47,48,49,50,51,52,53,54,55,56,57,58,59,60,61,62,63,64,65,66,67,68,69,70,71,72,73,74,75,76,77,78,79,80,81,82,83,84,85,86,87,88,89,140,141,142,143,144,145,146,147,148,149,150,151,152,153,154,155,156,157,158,159,160,161,162,163,164,165,166,167,168,169,170,171,172,173,174,175,176,177,178,179,180,181,182,183,184,185,186,187,188,189,190,191,192,264,265,266,267,268,269,270,271,272,273,274,275,276,277,278,279,280,281,282,283,284,285,286,287,288]	1	[198]
2519	3	1	0.3748869870323688	144	[5,6,7,8,9,10,11,12,13,14,15,35,36,37,38,39,40,41,42,43,44,45,46,47,48,49,50,51,52,53,54,55,56,57,58,59,60,61,62,63,64,65,66,67,68,69,70,71,72,73,74,75,76,77,78,79,80,81,82,83,84,85,86,87,88,89,140,141,142,143,144,145,146,147,148,149,150,151,152,153,154,155,156,157,158,159,160,161,162,163,164,165,166,167,168,169,170,171,172,173,174,175,176,177,178,179,180,181,182,183,184,185,186,187,188,189,190,191,192,264,265,266,267,268,269,270,271,272,273,274,275,276,277,278,279,280,281,282,283,284,285,286,287,288]	1	[199]
2520	3	1	0.38377442699857056	144	[5,6,7,8,9,10,11,12,13,14,15,35,36,37,38,39,40,41,42,43,44,45,46,47,48,49,50,51,52,53,54,55,56,57,58,59,60,61,62,63,64,65,66,67,68,69,70,71,72,73,74,75,76,77,78,79,80,81,82,83,84,85,86,87,88,89,140,141,142,143,144,145,146,147,148,149,150,151,152,153,154,155,156,157,158,159,160,161,162,163,164,165,166,167,168,169,170,171,172,173,174,175,176,177,178,179,180,181,182,183,184,185,186,187,188,189,190,191,192,264,265,266,267,268,269,270,271,272,273,274,275,276,277,278,279,280,281,282,283,284,285,286,287,288]	1	[200]
2521	3	1	0.38553876988589764	144	[5,6,7,8,9,10,11,12,13,14,15,35,36,37,38,39,40,41,42,43,44,45,46,47,48,49,50,51,52,53,54,55,56,57,58,59,60,61,62,63,64,65,66,67,68,69,70,71,72,73,74,75,76,77,78,79,80,81,82,83,84,85,86,87,88,89,140,141,142,143,144,145,146,147,148,149,150,151,152,153,154,155,156,157,158,159,160,161,162,163,164,165,166,167,168,169,170,171,172,173,174,175,176,177,178,179,180,181,182,183,184,185,186,187,188,189,190,191,192,264,265,266,267,268,269,270,271,272,273,274,275,276,277,278,279,280,281,282,283,284,285,286,287,288]	1	[201]
2522	3	1	0.3830555039457977	144	[5,6,7,8,9,10,11,12,13,14,15,35,36,37,38,39,40,41,42,43,44,45,46,47,48,49,50,51,52,53,54,55,56,57,58,59,60,61,62,63,64,65,66,67,68,69,70,71,72,73,74,75,76,77,78,79,80,81,82,83,84,85,86,87,88,89,140,141,142,143,144,145,146,147,148,149,150,151,152,153,154,155,156,157,158,159,160,161,162,163,164,165,166,167,168,169,170,171,172,173,174,175,176,177,178,179,180,181,182,183,184,185,186,187,188,189,190,191,192,264,265,266,267,268,269,270,271,272,273,274,275,276,277,278,279,280,281,282,283,284,285,286,287,288]	1	[202]
2523	3	1	0.37586953688878566	144	[5,6,7,8,9,10,11,12,13,14,15,35,36,37,38,39,40,41,42,43,44,45,46,47,48,49,50,51,52,53,54,55,56,57,58,59,60,61,62,63,64,65,66,67,68,69,70,71,72,73,74,75,76,77,78,79,80,81,82,83,84,85,86,87,88,89,140,141,142,143,144,145,146,147,148,149,150,151,152,153,154,155,156,157,158,159,160,161,162,163,164,165,166,167,168,169,170,171,172,173,174,175,176,177,178,179,180,181,182,183,184,185,186,187,188,189,190,191,192,264,265,266,267,268,269,270,271,272,273,274,275,276,277,278,279,280,281,282,283,284,285,286,287,288]	1	[405]
2524	3	1	0.3865118039539084	144	[5,6,7,8,9,10,11,12,13,14,15,35,36,37,38,39,40,41,42,43,44,45,46,47,48,49,50,51,52,53,54,55,56,57,58,59,60,61,62,63,64,65,66,67,68,69,70,71,72,73,74,75,76,77,78,79,80,81,82,83,84,85,86,87,88,89,140,141,142,143,144,145,146,147,148,149,150,151,152,153,154,155,156,157,158,159,160,161,162,163,164,165,166,167,168,169,170,171,172,173,174,175,176,177,178,179,180,181,182,183,184,185,186,187,188,189,190,191,192,264,265,266,267,268,269,270,271,272,273,274,275,276,277,278,279,280,281,282,283,284,285,286,287,288]	1	[406]
2525	3	1	0.38539979804772884	144	[5,6,7,8,9,10,11,12,13,14,15,35,36,37,38,39,40,41,42,43,44,45,46,47,48,49,50,51,52,53,54,55,56,57,58,59,60,61,62,63,64,65,66,67,68,69,70,71,72,73,74,75,76,77,78,79,80,81,82,83,84,85,86,87,88,89,140,141,142,143,144,145,146,147,148,149,150,151,152,153,154,155,156,157,158,159,160,161,162,163,164,165,166,167,168,169,170,171,172,173,174,175,176,177,178,179,180,181,182,183,184,185,186,187,188,189,190,191,192,264,265,266,267,268,269,270,271,272,273,274,275,276,277,278,279,280,281,282,283,284,285,286,287,288]	1	[407]
2526	3	1	0.3973015579394996	144	[5,6,7,8,9,10,11,12,13,14,15,35,36,37,38,39,40,41,42,43,44,45,46,47,48,49,50,51,52,53,54,55,56,57,58,59,60,61,62,63,64,65,66,67,68,69,70,71,72,73,74,75,76,77,78,79,80,81,82,83,84,85,86,87,88,89,140,141,142,143,144,145,146,147,148,149,150,151,152,153,154,155,156,157,158,159,160,161,162,163,164,165,166,167,168,169,170,171,172,173,174,175,176,177,178,179,180,181,182,183,184,185,186,187,188,189,190,191,192,264,265,266,267,268,269,270,271,272,273,274,275,276,277,278,279,280,281,282,283,284,285,286,287,288]	1	[408]
2527	3	1	0.37558305996935815	144	[5,6,7,8,9,10,11,12,13,14,15,35,36,37,38,39,40,41,42,43,44,45,46,47,48,49,50,51,52,53,54,55,56,57,58,59,60,61,62,63,64,65,66,67,68,69,70,71,72,73,74,75,76,77,78,79,80,81,82,83,84,85,86,87,88,89,140,141,142,143,144,145,146,147,148,149,150,151,152,153,154,155,156,157,158,159,160,161,162,163,164,165,166,167,168,169,170,171,172,173,174,175,176,177,178,179,180,181,182,183,184,185,186,187,188,189,190,191,192,264,265,266,267,268,269,270,271,272,273,274,275,276,277,278,279,280,281,282,283,284,285,286,287,288]	1	[409]
2528	4	1	0.0013835589634254575	25	[16,90,91,92,93,94,95,96,97,98,193,194,195,196,197,198,199,200,201,202,405,406,407,408,409]	1	[1274]

#<data_id> <data_size> <read_time_avg> <write_time_avg> <is_static> <n_source_devices> [<device_id>...]
1	1662	0.18194632379994574	None	1	1	[denethor_bucket]
2	339	0.18506904839998697	0.05861504699998932	0	0	[denethor_bucket]
3	2666	0.07199969239999292	None	1	1	[denethor_bucket]
4	640	0.05763135779993718	0.05131421619990988	0	0	[denethor_bucket]
5	185	0.11305015166662685	0.06867336139994222	0	0	[denethor_bucket]
6	185	0.12373161433334656	0.05223460359993624	0	0	[denethor_bucket]
7	339	0.11986179900002024	0.05309471660007148	0	0	[denethor_bucket]
8	187	0.12009678066666139	0.04927123620011571	0	0	[denethor_bucket]
9	245	0.11289428000002538	0.050019804999988086	0	0	[denethor_bucket]
10	301	0.12917515133332788	0.047371305800015764	0	0	[denethor_bucket]
11	191	0.11047857300004213	0.052373470599923165	0	0	[denethor_bucket]
12	421	0.11614699966662556	0.05322026519995689	0	0	[denethor_bucket]
13	481	0.116784574333266	0.04642143519997717	0	0	[denethor_bucket]
14	539	0.11980164233329973	0.051483404400073596	0	0	[denethor_bucket]
15	640	0.12011512633333177	0.04718009579999034	0	0	[denethor_bucket]
16	185	0.19326266359994407	0.16042571920006596	0	0	[denethor_bucket]
19	3358	0.07389842060006231	None	1	1	[denethor_bucket]
20	595	0.06137002279995159	0.056182996599966374	0	0	[denethor_bucket]
21	2439	0.07597338720005382	None	1	1	[denethor_bucket]
22	521	0.06120506380004827	0.05356747820002283	0	0	[denethor_bucket]
23	3213	0.08505480219996571	None	1	1	[denethor_bucket]
24	581	0.06733766540007764	0.05006081480014473	0	0	[denethor_bucket]
25	3265	0.06800059020002891	None	1	1	[denethor_bucket]
26	567	0.07154744800004664	0.05366705119992048	0	0	[denethor_bucket]
27	2666	0.06589937199996712	None	1	1	[denethor_bucket]
28	640	0.06695930599996701	0.05070637940002598	0	0	[denethor_bucket]
29	3224	0.06866531060006764	None	1	1	[denethor_bucket]
30	575	0.06378653799986296	0.047852597599944605	0	0	[denethor_bucket]
31	2771	0.06533642659998122	None	1	1	[denethor_bucket]
32	511	0.058827487199937425	0.04961002619999135	0	0	[denethor_bucket]
33	2627	0.06626909520002755	None	1	1	[denethor_bucket]
34	563	0.06152782439992279	0.04811610240006985	0	0	[denethor_bucket]
35	187	0.11942882299994977	0.047606329999894115	0	0	[denethor_bucket]
36	245	0.11976399200005058	0.05568956260003688	0	0	[denethor_bucket]
37	309	0.11312041200003349	0.047974713599978715	0	0	[denethor_bucket]
38	199	0.1264403196666609	0.05439292579999346	0	0	[denethor_bucket]
39	367	0.11306255366672262	0.057322244000033606	0	0	[denethor_bucket]
40	187	0.11982201133336871	0.05097677239998575	0	0	[denethor_bucket]
41	595	0.11980910166668944	0.05360828300003959	0	0	[denethor_bucket]
42	185	0.12372262233337995	0.046302982400061414	0	0	[denethor_bucket]
43	249	0.11589260933337205	0.04854815099999996	0	0	[denethor_bucket]
44	187	0.11917461833325202	0.05001360540004498	0	0	[denethor_bucket]
45	305	0.11564943333334535	0.05130925060004756	0	0	[denethor_bucket]
46	187	0.12626051999994117	0.05443106119998902	0	0	[denethor_bucket]
47	521	0.11812190866662788	0.052007650199902854	0	0	[denethor_bucket]
48	187	0.11307101233328834	0.051545576600028654	0	0	[denethor_bucket]
49	191	0.11345337166670821	0.046975799000006195	0	0	[denethor_bucket]
50	243	0.13279223666674486	0.05202092000004086	0	0	[denethor_bucket]
51	363	0.12649987566671414	0.04985685180001838	0	0	[denethor_bucket]
52	421	0.11965719333330538	0.05035177960000965	0	0	[denethor_bucket]
53	191	0.11988388633336934	0.0510044827999991	0	0	[denethor_bucket]
54	581	0.12635759633326415	0.051379906599891	0	0	[denethor_bucket]
55	187	0.11309469700000367	0.05398381019999761	0	0	[denethor_bucket]
56	187	0.12290212666667324	0.049334883399956196	0	0	[denethor_bucket]
57	183	0.1168041460000022	0.05778799019994949	0	0	[denethor_bucket]
58	239	0.11971496233329525	0.051769373399997674	0	0	[denethor_bucket]
59	355	0.11311031366671885	0.050168162999898416	0	0	[denethor_bucket]
60	243	0.11975035200002085	0.04842503959994247	0	0	[denethor_bucket]
61	567	0.11642135533330616	0.05538746480001464	0	0	[denethor_bucket]
62	187	0.11298907233333925	0.05298941860003197	0	0	[denethor_bucket]
63	245	0.113115264000025	0.04558920300000864	0	0	[denethor_bucket]
64	301	0.11981007099998901	0.05211476960005257	0	0	[denethor_bucket]
65	191	0.11315082499995827	0.05068660179997551	0	0	[denethor_bucket]
66	421	0.1131007599999665	0.04603153100003965	0	0	[denethor_bucket]
67	481	0.11312058500001872	0.051158721799947675	0	0	[denethor_bucket]
68	539	0.1198314559999813	0.05219558520004739	0	0	[denethor_bucket]
69	640	0.11694476833331152	0.051967651200038746	0	0	[denethor_bucket]
70	187	0.11651430133339104	0.04941110519994254	0	0	[denethor_bucket]
71	243	0.119783907666677	0.049907958200014944	0	0	[denethor_bucket]
72	299	0.1205541736666382	0.05810039579998829	0	0	[denethor_bucket]
73	187	0.11904773333334158	0.05275252600004023	0	0	[denethor_bucket]
74	183	0.11972743600003792	0.05114640520000648	0	0	[denethor_bucket]
75	415	0.11976365000001937	0.04925694700004897	0	0	[denethor_bucket]
76	575	0.11535572733326213	0.05560566040001049	0	0	[denethor_bucket]
77	187	0.11995763800008315	0.052460446799909737	0	0	[denethor_bucket]
78	183	0.11739988466669633	0.045390722000024655	0	0	[denethor_bucket]
79	299	0.12727750099994237	0.05461169400002746	0	0	[denethor_bucket]
80	357	0.12333890700001392	0.04799886700004663	0	0	[denethor_bucket]
81	185	0.10884400766664709	0.049054822200014316	0	0	[denethor_bucket]
82	511	0.37304499499993854	0.04785529159996713	0	0	[denethor_bucket]
83	183	0.10646544466665864	0.051920773400047436	0	0	[denethor_bucket]
84	239	0.11310859633333842	0.052531151799962574	0	0	[denethor_bucket]
85	183	0.11975364800000901	0.05253868540005442	0	0	[denethor_bucket]
86	297	0.10644111133333904	0.0492785312000251	0	0	[denethor_bucket]
87	353	0.12199301000001109	0.04856124099999306	0	0	[denethor_bucket]
88	465	0.1308849836666468	0.04998287299997628	0	0	[denethor_bucket]
89	563	0.11979112533336415	0.04912035759998617	0	0	[denethor_bucket]
90	5180	0.07774826320010107	0.11047476980005513	0	0	[denethor_bucket]
91	355	0.07443716279991577	0.09509923279998703	0	0	[denethor_bucket]
92	314	0.07697166999992078	0.0972414954001124	0	0	[denethor_bucket]
93	355	0.07267283500005987	0.09590458879998778	0	0	[denethor_bucket]
94	355	0.07181828200002656	0.0948040361999574	0	0	[denethor_bucket]
95	5134	0.07142467819994636	0.11171988719996762	0	0	[denethor_bucket]
96	355	0.06491718460007405	0.09700968700009298	0	0	[denethor_bucket]
97	314	0.07198555500003749	0.09644418360003329	0	0	[denethor_bucket]
98	355	0.0811636736000537	0.11173387739992223	0	0	[denethor_bucket]
120	3233	0.06652444740003602	None	1	1	[denethor_bucket]
121	527	0.058674828400080516	0.05427833059997056	0	0	[denethor_bucket]
122	1865	0.07181831039999907	None	1	1	[denethor_bucket]
123	514	0.06337179939998805	0.05068135639995717	0	0	[denethor_bucket]
124	2258	0.06174361360003786	None	1	1	[denethor_bucket]
125	453	0.059709926200002886	0.05246657780003261	0	0	[denethor_bucket]
126	4105	0.07781696939999848	None	1	1	[denethor_bucket]
127	515	0.06975618439996652	0.05378562799998008	0	0	[denethor_bucket]
128	4715	0.0679872686000067	None	1	1	[denethor_bucket]
129	465	0.07086117359999662	0.04983769960011841	0	0	[denethor_bucket]
130	4851	0.0724906857999713	None	1	1	[denethor_bucket]
131	465	0.07005822900005114	0.048118171199917015	0	0	[denethor_bucket]
132	4496	0.07221447039989926	None	1	1	[denethor_bucket]
133	463	0.05961079339997468	0.06571769140001607	0	0	[denethor_bucket]
134	4047	0.0697931941999741	None	1	1	[denethor_bucket]
135	465	0.06328071820000787	0.04928912259995286	0	0	[denethor_bucket]
136	4012	0.07716298599998482	None	1	1	[denethor_bucket]
137	455	0.061855600799981404	0.049530689199991686	0	0	[denethor_bucket]
138	2659	0.062453806799999255	None	1	1	[denethor_bucket]
139	457	0.060494668800015465	0.05080491579994941	0	0	[denethor_bucket]
140	185	0.11967689466670567	0.04944086340001377	0	0	[denethor_bucket]
141	199	0.11317416066670696	0.049545355399936854	0	0	[denethor_bucket]
142	185	0.11975188900001381	0.04715425680003591	0	0	[denethor_bucket]
143	187	0.11320449300002124	0.05461281939990386	0	0	[denethor_bucket]
144	313	0.13977877466668556	0.04831868579999537	0	0	[denethor_bucket]
145	527	0.11303449233328877	0.04917019439994874	0	0	[denethor_bucket]
146	185	0.13727221966665096	0.04821735959999387	0	0	[denethor_bucket]
147	183	0.12899611700000435	0.04654148759991585	0	0	[denethor_bucket]
148	297	0.11970874066657648	0.054571535400009454	0	0	[denethor_bucket]
149	355	0.13316251633329046	0.057832964199951674	0	0	[denethor_bucket]
150	413	0.11308121333337308	0.12604102760001296	0	0	[denethor_bucket]
151	513	0.12650035499996193	0.05556648239999049	0	0	[denethor_bucket]
152	185	0.11973980699996394	0.05597110740004609	0	0	[denethor_bucket]
153	243	0.12647926000004375	0.052673802400022396	0	0	[denethor_bucket]
154	299	0.11973227199995552	0.0524561048000578	0	0	[denethor_bucket]
155	185	0.11316661033329	0.049062229000060145	0	0	[denethor_bucket]
156	453	0.11432400000003877	0.04968292440003097	0	0	[denethor_bucket]
157	185	0.12530875366663494	0.051514969799904976	0	0	[denethor_bucket]
158	249	0.11300602566663524	0.0480095851999522	0	0	[denethor_bucket]
159	305	0.11979987633328397	0.05041400039988275	0	0	[denethor_bucket]
160	363	0.11309064566673492	0.0627272566000329	0	0	[denethor_bucket]
161	183	0.1214715169999941	0.05353580519997649	0	0	[denethor_bucket]
162	515	0.12473624966668274	0.05096131120001246	0	0	[denethor_bucket]
163	187	0.11956403033339809	0.05015852880001148	0	0	[denethor_bucket]
164	243	0.11994951133331733	0.05249759800001357	0	0	[denethor_bucket]
165	187	0.11319258299998133	0.056274889399969656	0	0	[denethor_bucket]
166	307	0.1197929920000151	0.058783378800012547	0	0	[denethor_bucket]
167	465	0.11967855133330343	0.05147175139998126	0	0	[denethor_bucket]
168	187	0.11986692500000584	0.04836457540004631	0	0	[denethor_bucket]
169	243	0.11315015199997465	0.05531839299999319	0	0	[denethor_bucket]
170	187	0.11300264933341489	0.054801235799959616	0	0	[denethor_bucket]
171	245	0.12843733866666665	0.05748444779985675	0	0	[denethor_bucket]
172	465	0.1195794173333125	0.05199230200000784	0	0	[denethor_bucket]
173	185	0.11808125433330492	0.04842559599994729	0	0	[denethor_bucket]
174	249	0.11976832766669991	0.05094742579997274	0	0	[denethor_bucket]
175	187	0.11456758366663641	0.049290757999938255	0	0	[denethor_bucket]
176	185	0.3716949733333478	0.054242006400045284	0	0	[denethor_bucket]
177	463	0.11971051433335793	0.048895399599996385	0	0	[denethor_bucket]
178	193	0.11120869633338266	0.049578357799987316	0	0	[denethor_bucket]
179	187	0.12165150600000608	0.049673297599929354	0	0	[denethor_bucket]
180	187	0.11987110033332274	0.056821467600093455	0	0	[denethor_bucket]
181	303	0.11313352533334366	0.050073884000039474	0	0	[denethor_bucket]
182	465	0.12157828733330657	0.055525097999975515	0	0	[denethor_bucket]
183	185	0.1113359213333066	0.05508999359999507	0	0	[denethor_bucket]
184	187	0.12267708133333557	0.05104274459997669	0	0	[denethor_bucket]
185	185	0.11011615099999054	0.051607071399939745	0	0	[denethor_bucket]
186	299	0.12032968299995629	0.05576080980004008	0	0	[denethor_bucket]
187	455	0.11959838400000944	0.046460976199887226	0	0	[denethor_bucket]
188	187	0.12313879300001876	0.05428249120006967	0	0	[denethor_bucket]
189	187	0.12942896533329942	0.05103685459996541	0	0	[denethor_bucket]
190	243	0.11976487833332289	0.05568584400007239	0	0	[denethor_bucket]
191	243	0.11978337933338883	0.0507986086000301	0	0	[denethor_bucket]
192	457	0.12588748799993288	0.06230760060009288	0	0	[denethor_bucket]
193	314	0.06844752640005254	0.10136338040002783	0	0	[denethor_bucket]
194	314	0.082496980800056	0.0946259765999912	0	0	[denethor_bucket]
195	273	0.0803280525999412	0.11113458480004966	0	0	[denethor_bucket]
196	314	0.07582138820001774	0.09312892559994453	0	0	[denethor_bucket]
197	273	0.06381465580001304	0.09404972860000953	0	0	[denethor_bucket]
198	273	0.07490730739992842	0.09307358140008547	0	0	[denethor_bucket]
199	273	0.07724435560002121	0.09651856099997076	0	0	[denethor_bucket]
200	273	0.07804143360002627	0.09418843719996631	0	0	[denethor_bucket]
201	273	0.07305068639997217	0.09490592840004411	0	0	[denethor_bucket]
202	273	0.07193744079997942	0.09196562300001006	0	0	[denethor_bucket]
204	3952	0.08772347580002134	None	1	1	[denethor_bucket]
205	461	0.059392931999991565	0.050277335199939446	0	0	[denethor_bucket]
206	4336	0.06694328339995081	None	1	1	[denethor_bucket]
207	461	0.06664724239999487	0.05350938020008016	0	0	[denethor_bucket]
208	4743	0.06831840100007867	None	1	1	[denethor_bucket]
209	463	0.06014316259995667	0.046038068599978034	0	0	[denethor_bucket]
210	4502	0.0734003421999887	None	1	1	[denethor_bucket]
211	469	0.06761655660004635	0.05170323380004902	0	0	[denethor_bucket]
212	4561	0.07095573660003539	None	1	1	[denethor_bucket]
213	455	0.061125868400063156	0.05019824319999771	0	0	[denethor_bucket]
264	185	0.10651716833331193	0.050260952000030557	0	0	[denethor_bucket]
265	187	0.13282508933335163	0.0522446325999681	0	0	[denethor_bucket]
266	183	0.11791359299998799	0.051322365200076096	0	0	[denethor_bucket]
267	249	0.12860091866670562	0.05090919919996395	0	0	[denethor_bucket]
268	461	0.1065218483333773	0.053430295799989834	0	0	[denethor_bucket]
269	185	0.11995076733332641	0.04949923439999111	0	0	[denethor_bucket]
270	191	0.12631650233336725	0.05162886620000791	0	0	[denethor_bucket]
271	305	0.12637993500004496	0.05200786459997744	0	0	[denethor_bucket]
272	187	0.11309847399998774	0.0516138568000315	0	0	[denethor_bucket]
273	461	0.13312866966669898	0.05407951680001588	0	0	[denethor_bucket]
274	187	0.11976485366666163	0.05411433900003431	0	0	[denethor_bucket]
275	185	0.11326718033335731	0.04989595820002251	0	0	[denethor_bucket]
276	245	0.11965633066663894	0.07032437539987768	0	0	[denethor_bucket]
277	249	0.13303462300001423	0.05190037719994507	0	0	[denethor_bucket]
278	463	0.1265188830000078	0.05004721919999611	0	0	[denethor_bucket]
279	187	0.11976227500006598	0.04947446300000138	0	0	[denethor_bucket]
280	243	0.11794828433338034	0.049992769400068936	0	0	[denethor_bucket]
281	307	0.11847736166668245	0.05130087520001325	0	0	[denethor_bucket]
282	193	0.12292363066662435	0.05118613500001175	0	0	[denethor_bucket]
283	469	0.11979891133331473	0.05479559880000125	0	0	[denethor_bucket]
284	185	0.11977767866666011	0.05109117000001789	0	0	[denethor_bucket]
285	187	0.11590759266667326	0.05215971420000187	0	0	[denethor_bucket]
286	185	0.12188696799996482	0.05214831799999047	0	0	[denethor_bucket]
287	241	0.11247923066667877	0.05600879300004635	0	0	[denethor_bucket]
288	455	0.13545129666670214	0.05558242479992259	0	0	[denethor_bucket]
405	273	0.06963933060001182	0.09275493059997189	0	0	[denethor_bucket]
406	273	0.08023536479992117	0.09311680640003032	0	0	[denethor_bucket]
407	273	0.06921151039998677	0.09026099560001058	0	0	[denethor_bucket]
408	273	0.07470622739999726	0.09390649080007733	0	0	[denethor_bucket]
409	273	0.07112996259999137	0.09996110120007416	0	0	[denethor_bucket]
1274	16385	None	0.08272106859997166	0	0	[denethor_bucket]

#<vm1_cpu_slowdown> <vm2_cpu_slowdown> ... <vm10_cpu_slowdown>
1.00	1.00	0.50

#<vm1_storage> <vm2 _storage> <vm3_storage>
8192	8192	8192

#<vm1_cost> <vm2_cost> <vm3_cost>
0.0000051670	0.0000103330	0.0000186671

#<vm_id> <bandwidth>
1	1250
2	1250
3	5000

#<task_id> <activity_id> <conf_id> <task_cost> <task_time_duration> <task_time_init> <task_time_cpu> <task_time_read> <task_time_write> <task_count>
1	1	1	0.00000219681649	0.95847	0.74327	0.4101012889999768	0.43601524000001746	0.11235347100000581	1
1	1	2	0.00000212129551	0.46111	0.8789600000000001	0.22266180000023394	0.17754204699986076	0.060906152999905316	1
1	1	3	0.00000295250551	0.33030000000000004	0.84894	0.16507839800002586	0.12554600700002538	0.03967559499994877	1
1	1	4	0.00000473300907	0.27198	0.88414	0.13487073200009628	0.09531753699980072	0.04179173100010303	1
1	1	5	0.00000805701571	0.23571	0.80198	0.12205092699999202	0.07531078800002433	0.03834828499998366	1
2	1	1	0.00000198002439	0.85441	0.0	0.6420872480000227	0.1326042320000056	0.0797185199999717	1
2	1	2	0.00000198392023	0.42814	0.0	0.3187827590004569	0.06179205299986279	0.04756518799968035	1
2	1	3	0.0000026666716	0.296	0.0	0.19712306300000002	0.04807663799999773	0.05080029900000227	1
2	1	4	0.00000432750826	0.24765	0.0	0.16202661899999513	0.04923101300005328	0.0363923679999516	1
2	1	5	0.00000858201676	0.25146	0.0	0.1410707680000114	0.06829452600004515	0.04209470599994347	1
9	2	1	0.00000196023269	0.8449099999999999	0.9118700000000001	0.13779926299989267	0.42340912299994216	0.28370161400016514	1
9	2	2	0.0000024330878	0.5359400000000001	0.9009600000000001	0.11734616900027459	0.21503897699994923	0.20355485399977624	1
9	2	3	0.00000296733887	0.33208	0.85616	0.10557918000004435	0.11195109000004777	0.11454972999990787	1
9	2	4	0.00000565784425	0.32747000000000004	0.91831	0.10503267699987805	0.09311864400001468	0.1293186790001073	1
9	2	5	0.00001102835499	0.32485	0.73153	0.10413406100022587	0.081827407999981	0.13888853099979315	1
10	2	1	0.00000221150402	0.96552	0.0	0.17521878000005336	0.10412347900000896	0.6861777409999377	1
10	2	2	0.00000242779612	0.53467	0.0	0.11868853899977137	0.057843431999572203	0.3581380290006564	1
10	2	3	0.00000400542428	0.45665	0.0	0.10626272999994432	0.0385355900000377	0.31185168000001795	1
10	2	4	0.00000747601455	0.43656	0.0	0.10657716300001135	0.03717546600000787	0.2928073709999808	1
10	2	5	0.00001665303291	0.49359	0.0	0.10538090800033006	0.050478822000059154	0.33773026999961075	1
23	1	1	0.00000228562917	1.0011	0.0	0.7731542440000031	0.14014482499999303	0.08780093100000386	1
23	1	2	0.00000221354569	0.48325	0.0	0.36059287400007817	0.07323445800011541	0.049422667999806436	1
23	1	3	0.00000298225556	0.33387	0.0	0.22779261999989842	0.061305473000061284	0.0447719070000403	1
23	1	4	0.00000474867576	0.27292	0.0	0.17983704500000017	0.05275009100000716	0.040332863999992696	1
23	1	5	0.00000854235002	0.25027	0.0	0.1496261309998768	0.04205725600013466	0.058586612999988574	1
24	1	1	0.00000125846045	0.5080600000000001	0.0	0.29298606100007835	0.1272085669999683	0.08786537199995337	1
24	1	2	0.00000161762784	0.34023000000000003	0.0	0.2164389529996047	0.07066324600009466	0.05312780100030068	1
24	1	3	0.00000213342053	0.23201	0.0	0.13312597300005996	0.05017298899997513	0.0487110379999649	1
24	1	4	0.00000387800736	0.22068000000000002	0.0	0.12000151699986208	0.06648468900016269	0.03419379399997524	1
24	1	5	0.00000773034839	0.22591	0.0	0.1166331690000117	0.06533744500006833	0.04393938599991998	1
25	1	1	0.00000248685874	1.09769	0.0	0.870632804999957	0.13628318400003536	0.0907740110000077	1
25	1	2	0.00000262017151	0.58084	0.0	0.4078502939995923	0.1335652200000368	0.03942448600037096	1
25	1	3	0.00000309817246	0.34778	0.0	0.25029472299996747	0.05420685100000355	0.04327842600002896	1
25	1	4	0.00000477684249	0.27461	0.0	0.1955472089999306	0.040678463999938685	0.038384327000130725	1
25	1	5	0.00000883001726	0.25889999999999996	0.0	0.15991688400000056	0.060540291999814144	0.03844282400018528	1
26	1	1	0.00000280706771	1.2513900000000002	0.0	1.0320257929999879	0.13058973300002208	0.08877447399999028	1
26	1	2	0.00000276775514	0.61626	0.0	0.4991362550001556	0.06986864700002116	0.04725509799982319	1
26	1	3	0.00000345483984	0.39058	0.0	0.2975665359999767	0.051495469000087724	0.04151799499993558	1
26	1	4	0.00000554134402	0.32048000000000004	0.0	0.22610019100002546	0.047157325999933164	0.04722248300004139	1
26	1	5	0.00000900168427	0.26405	0.0	0.17959301800010763	0.040891776000080426	0.04356520599981195	1
27	1	1	0.00000196783687	0.84856	0.0	0.6406625910000026	0.12768261700000494	0.08021479199999249	1
27	1	2	0.00000186521166	0.39965	0.0	0.3077266560000484	0.04440548599995964	0.047517857999991975	1
27	1	3	0.00000263517154	0.29222000000000004	0.0	0.21032577999990532	0.040121804000023076	0.041772416000071644	1
27	1	4	0.00000460784215	0.26447000000000004	0.0	0.1613724230000287	0.056856929999867134	0.04624064700010422	1
27	1	5	0.00000811034915	0.23731000000000002	0.0	0.13909379300004962	0.06043002299998079	0.03778618399996958	1
28	1	1	0.00000236915017	1.04119	0.0	0.8354249989999685	0.12045905100001164	0.08530595000001995	1
28	1	2	0.00000218833731	0.4772	0.0	0.3667541389997561	0.06374535400027526	0.04670050699996864	1
28	1	3	0.00000298850558	0.33462000000000003	0.0	0.24312082600002224	0.05494645099997797	0.03655272299999979	1
28	1	4	0.00000469434232	0.26966	0.0	0.18294830900010875	0.05081138600007762	0.03590030499981367	1
28	1	5	0.00000840934975	0.24628	0.0	0.1581121860000833	0.05336431099999572	0.034803502999920966	1
29	1	1	0.00000184760746	0.79085	0.0	0.5746351030000139	0.12941726399998288	0.08679763300000332	1
29	1	2	0.0000019677952	0.42427	0.0	0.3200960809999956	0.054571660999954474	0.049602258000049915	1
29	1	3	0.00000254883803	0.28186	0.0	0.19255018600001075	0.055258380000054785	0.03405143399993449	1
29	1	4	0.00000428550817	0.24513	0.0	0.15973907600003337	0.04649772299990218	0.03889320100006444	1
29	1	5	0.00000750934795	0.21928	0.0	0.1396372900000836	0.0409371050000118	0.03870560499990461	1
30	1	1	0.00000256075472	1.1331600000000002	0.0	0.9417354829999701	0.11167265500000667	0.07975186200002327	1
30	1	2	0.00000244150448	0.53796	0.0	0.4402301829994731	0.05241993000026923	0.04530988700025773	1
30	1	3	0.00000328092283	0.36971	0.0	0.27014315300010816	0.06539172399993731	0.03417512299995451	1
30	1	4	0.00000530867688	0.30652	0.0	0.20794721600000185	0.05884267999999793	0.03973010400000021	1
30	1	5	0.00000866801694	0.25404	0.0	0.16940797699995985	0.04301848699992661	0.04161353600011353	1
33	2	1	0.00000187381585	0.80343	0.0	0.10566313300007243	0.10189103300001534	0.5958758339999122	1
33	2	2	0.00000242896279	0.53495	0.0	0.12184326300009275	0.05337866899981236	0.35972806800009494	1
33	2	3	0.00000370984035	0.42118	0.0	0.10561775999992341	0.05557668999995258	0.259985550000124	1
33	2	4	0.00000746651453	0.43599000000000004	0.0	0.10565742300019179	0.05436119399996642	0.2759713829998418	1
33	2	5	0.00001662403285	0.49272000000000005	0.0	0.10478415000015116	0.041642528000011225	0.34629332199983764	1
34	2	1	0.00000179302402	0.7646499999999999	0.0	0.1439995979999761	0.10375108000005184	0.516899321999972	1
34	2	2	0.00000209183712	0.45404000000000005	0.0	0.10552071399926269	0.05575195100027486	0.2927673350004625	1
34	2	3	0.00000334600629	0.37751999999999997	0.0	0.10536678000016354	0.04665232999991531	0.22550088999992113	1
34	2	4	0.0000062843455	0.36506	0.0	0.10542985199995798	0.034711774000015794	0.22491837400002623	1
34	2	5	0.00001428836151	0.42264999999999997	0.0	0.10451423300016939	0.06515818399998352	0.2529775829998471	1
35	2	1	0.00000195017017	0.84008	0.0	0.10589161299986893	0.12847223800008578	0.6057161490000453	1
35	2	2	0.00000230737921	0.5057699999999999	0.0	0.1217678020004928	0.04877947800014226	0.3352227199993649	1
35	2	3	0.00000367334028	0.4168	0.0	0.1059846309998755	0.04478198000003886	0.26603338900008566	1
35	2	4	0.00000753168133	0.4399	0.0	0.10588338599942507	0.06550870900014161	0.2685079050004333	1
35	2	5	0.00001501136296	0.44433999999999996	0.0	0.10499765899998038	0.04914592199997969	0.2901964190000399	1
36	2	1	0.00000194873266	0.83939	0.0	0.1061406420000336	0.11708602900000642	0.61616332899996	1
36	2	2	0.00000260312981	0.57675	0.0	0.11400435300020763	0.08219449600028383	0.38055115099950854	1
36	2	3	0.00000376142379	0.42737	0.0	0.10619543199993961	0.04718293899998116	0.27399162900007923	1
36	2	4	0.00000758201476	0.44292000000000004	0.0	0.10592707700065689	0.0625400809999519	0.27445284199939124	1
36	2	5	0.0000149646962	0.44294	0.0	0.10508163300014661	0.0487336950000099	0.2891246719998435	1
37	2	1	0.00000228046249	0.9986200000000001	0.0	0.17640146599994216	0.13781724900002246	0.6844012850000354	1
37	2	2	0.00000258250476	0.5718	0.0	0.12296576599994001	0.04657892899967919	0.40225530500038076	1
37	2	3	0.00000409650779	0.46758	0.0	0.1097147399998467	0.060781420000012076	0.2970838400001412	1
37	2	4	0.00000782534858	0.45752	0.0	0.10640723799981561	0.04397742600008314	0.30713533600010123	1
37	2	5	0.00001600469828	0.47414	0.0	0.10570684899990977	0.045641506000038135	0.3227916450000521	1
38	2	1	0.00000194129515	0.8358200000000001	0.0	0.118288174000087	0.11508110099998703	0.602450724999926	1
38	2	2	0.00000234779596	0.51547	0.0	0.123644840999709	0.053379367999696115	0.3384457910005949	1
38	2	3	0.00000383567394	0.43628	0.0	0.10624266199998897	0.05554294899991419	0.2744943890000968	1
38	2	4	0.00000829234952	0.48554	0.0	0.10608384199996096	0.052698887999895305	0.32675727000014376	1
38	2	5	0.00001477069581	0.43712	0.0	0.1061328020006796	0.04223038399982215	0.28875681399949826	1
39	2	1	0.00000172060721	0.72989	0.0	0.11769792099987592	0.10804792300007193	0.5041441560000521	1
39	2	2	0.0000019661702	0.42388	0.0	0.10542122599980837	0.0466686279996793	0.2717901460005123	1
39	2	3	0.00000341508976	0.38581	0.0	0.10522887200000565	0.04200695999998061	0.23857416800001374	1
39	2	4	0.00000659367945	0.38362	0.0	0.10569460200024798	0.0506265760000133	0.22729882199973872	1
39	2	5	0.00001341902644	0.39657	0.0	0.10473072500042536	0.04678734899994197	0.24505192599963266	1
40	2	1	0.00000195519101	0.8424900000000001	0.0	0.13458026000012274	0.10469817199998488	0.6032115679998924	1
40	2	2	0.00000214733723	0.46736	0.0	0.12268768799948827	0.044105096999828675	0.30056721500068306	1
40	2	3	0.0000037808405	0.42969999999999997	0.0	0.10630791000002972	0.04499383999996098	0.2783982500000093	1
40	2	4	0.00000710684715	0.41441000000000006	0.0	0.10625796400031703	0.04373844599990662	0.2644135899997764	1
40	2	5	0.00001681969991	0.49859	0.0	0.10540898900020312	0.07010356699993281	0.32307744399986404	1
731	1	1	0.00000185146164	0.7927000000000001	0.0	0.5827269919999801	0.11098405700005287	0.09898895099996707	1
731	1	2	0.00000190954509	0.41029000000000004	0.0	0.2696524469999668	0.10045422800021697	0.04018332499981625	1
731	1	3	0.00000242017111	0.26642000000000005	0.0	0.19516374299992725	0.03614046400002735	0.035115793000045414	1
731	1	4	0.00000432167491	0.24730000000000002	0.0	0.16255087500008342	0.04062815099996442	0.044120973999952184	1
731	1	5	0.00000808301577	0.23649	0.0	0.13909205300000962	0.04441533699991851	0.05298261000007187	1
732	1	1	0.0000014483775	0.5992200000000001	0.0	0.3654170109999743	0.13788073000000622	0.0959222590000195	1
732	1	2	0.00000142700245	0.29448	0.0	0.19625677300016514	0.05278335999992123	0.04543986699991365	1
732	1	3	0.00000211242049	0.22949000000000003	0.0	0.14768098899998153	0.041215066000063416	0.040593944999955056	1
732	1	4	0.00000400017427	0.22801	0.0	0.12713036100008662	0.06835721299989928	0.03252242600001409	1
732	1	5	0.0000074156811	0.21647	0.0	0.11868653200001128	0.05885518300010517	0.038928284999883545	1
733	1	1	0.00000153014849	0.6384700000000001	0.0	0.416828604999994	0.13779117900003257	0.08385021599997344	1
733	1	2	0.00000153804434	0.32113	0.0	0.22752936499974283	0.04789156800006822	0.04570906700018895	1
733	1	3	0.00000230892088	0.25307	0.0	0.16664343699996817	0.034361143000069205	0.052065419999962614	1
733	1	4	0.00000398250756	0.22694999999999999	0.0	0.13854326599995437	0.048398183000017525	0.04000855100002809	1
733	1	5	0.0000069500135	0.2025	0.0	0.12152436999998827	0.040275995000001785	0.04069963500000995	1
734	1	1	0.00000161016949	0.67688	0.0	0.4539945359999991	0.1352997289999962	0.08758573500000466	1
734	1	2	0.00000190708675	0.4097	0.0	0.24932111900018497	0.09905256799993367	0.06132631299988134	1
734	1	3	0.0000024310878	0.26773	0.0	0.16624563199999876	0.056825441000000865	0.044658927000000403	1
734	1	4	0.00000419884133	0.23993	0.0	0.14682937599995574	0.055820023000023866	0.0372806010000204	1
734	1	5	0.00000731534756	0.21346	0.0	0.13329634999996867	0.04208708600003774	0.038076563999993596	1
735	1	1	0.00000365717358	1.65944	0.0	1.435573060999996	0.1387084170000321	0.08515852199997198	1
735	1	2	0.00000325433944	0.73304	0.0	0.6441394359994038	0.04665064800019536	0.042249916000400844	1
735	1	3	0.00000407275775	0.46473000000000003	0.0	0.3640538709999787	0.06033273299999564	0.04034339600002568	1
735	1	4	0.00000606601173	0.35196	0.0	0.2695736470000529	0.039089453999849866	0.043296899000097255	1
735	1	5	0.00001017235328	0.29917000000000005	0.0	0.2058751439999432	0.05515509099996052	0.038139765000096304	1
736	1	1	0.0000022681708	0.99272	0.0	0.7759326270000118	0.13193465699998796	0.08485271600000033	1
736	1	2	0.00000223367073	0.48808	0.0	0.3752980880002816	0.06858241600002657	0.04419949599969186	1
736	1	3	0.00000305417238	0.3425	0.0	0.2417791830000897	0.06407384399994953	0.03664697299996078	1
736	1	4	0.00000485434264	0.27926	0.0	0.18713023700022474	0.05200024499981737	0.0401295179999579	1
736	1	5	0.00000811734917	0.23752	0.0	0.1568955799999508	0.04586226700007501	0.034762152999974205	1
737	1	1	0.0000017481281	0.7431	0.0	0.522732915000036	0.1224751519999927	0.09789193299997123	1
737	1	2	0.00000193450347	0.41628	0.0	0.25118144800043707	0.05379337999966083	0.11130517199990209	1
737	1	3	0.00000234000428	0.25680000000000003	0.0	0.18159503099991692	0.0351406140000563	0.04006435500002681	1
737	1	4	0.00000437867502	0.25072	0.0	0.1490848460000495	0.06263610299993161	0.03899905100001888	1
737	1	5	0.00000896135086	0.26283999999999996	0.0	0.13548495099998384	0.08702710299985483	0.04032794600016132	1
738	1	1	0.00000263729654	1.1699000000000002	0.0	0.9633171399999743	0.10812692100000731	0.09845593900001859	1
738	1	2	0.00000254175468	0.56202	0.0	0.4671731040004192	0.05294303999971817	0.04190385599986257	1
738	1	3	0.00000337242301	0.38069000000000003	0.0	0.30143027000001027	0.04487959699997646	0.0343801330000133	1
738	1	4	0.00000558101076	0.32286000000000004	0.0	0.21243310199998575	0.07548060700014503	0.034946290999869234	1
738	1	5	0.00000924101808	0.27123	0.0	0.1669347999999759	0.06753580600002351	0.03675939400000061	1
739	1	1	0.00000195171184	0.8408200000000001	0.0	0.621454923999969	0.13585482799999227	0.0835102480000387	1
739	1	2	0.00000192225344	0.41334	0.0	0.2881260430003129	0.07979191999993418	0.04542203699975289	1
739	1	3	0.00000287358868	0.32083	0.0	0.21184546000006235	0.06893006599989349	0.04005447400004414	1
739	1	4	0.00000457384208	0.26243	0.0	0.1701193999999811	0.052040756999986115	0.04026984300003278	1
739	1	5	0.00000787168201	0.23015000000000002	0.0	0.1425557969997921	0.04919735900011801	0.038396844000089914	1
740	1	1	0.00000184608663	0.79012	0.0	0.5985733930001499	0.10895015299990973	0.08259645399994042	1
740	1	2	0.00000179450319	0.38268	0.0	0.2980927290003089	0.042455154999970546	0.042132115999720554	1
740	1	3	0.00000253167133	0.2798	0.0	0.19230548799996525	0.04605818699997144	0.041436325000063334	1
740	1	4	0.00000464267555	0.26656	0.0	0.15046596999988704	0.0722708830001011	0.043823147000011886	1
740	1	5	0.00000760134814	0.22204	0.0	0.13546880699994565	0.04253465600004347	0.04403653700001087	1
751	2	1	0.00000185466998	0.7942400000000001	0.0	0.16267749200022558	0.11236147199997504	0.5192010359997994	1
751	2	2	0.00000197996189	0.42719	0.0	0.10612056599996271	0.04624324100041122	0.2748261929996261	1
751	2	3	0.00000335742298	0.37889	0.0	0.10544325000005177	0.04180980000001	0.23163694999993822	1
751	2	4	0.00000632117891	0.36727	0.0	0.10571790599991937	0.042299357000047166	0.21925273700003345	1
751	2	5	0.00001360236014	0.40207	0.0	0.10511576800026552	0.05066027199995915	0.24629395999977532	1
752	2	1	0.00000215394141	0.93789	0.0	0.13975707799985015	0.11708035200001632	0.6810525700001335	1
752	2	2	0.00000261183816	0.57884	0.0	0.10585171700118724	0.05448742399994444	0.41850085899886835	1
752	2	3	0.00000387825736	0.44139	0.0	0.1060324799999977	0.05483426000000691	0.2805232599999954	1
752	2	4	0.00000732701425	0.42762	0.0	0.10558167399956175	0.04402123199997732	0.27801709400046093	1
752	2	5	0.00001477836249	0.43735	0.0	0.10515377000009142	0.04643572899999526	0.28576050099991335	1
753	2	1	0.00000154808603	0.6470800000000001	0.0	0.12456661800005725	0.10568813600002613	0.41682524599991666	1
753	2	2	0.00000193375347	0.4161	0.0	0.11738653299934743	0.06537650800009942	0.23333695900055318	1
753	2	3	0.00000304000568	0.3408	0.0	0.10499851000002838	0.039542900000014924	0.1962585899999567	1
753	2	4	0.00000598817824	0.34729000000000004	0.0	0.10551281499972635	0.045987967999963075	0.1957892170003106	1
753	2	5	0.00001364502689	0.40335000000000004	0.0	0.1043750529997393	0.04195411899991086	0.25702082800034987	1
754	2	1	0.00000174481559	0.74151	0.0	0.11872076100001482	0.11951702199996816	0.503272217000017	1
754	2	2	0.0000021310872	0.46346	0.0	0.10589803900080819	0.06069760499985932	0.2968643559993325	1
754	2	3	0.00000340600641	0.38472000000000006	0.0	0.10569070300003455	0.043276830000081645	0.23575246699988384	1
754	2	4	0.00000757584809	0.44255	0.0	0.10567709000021643	0.07146913900010077	0.2654037709996828	1
754	2	5	0.00001500469628	0.44414	0.0	0.10579784300028462	0.05382032599982267	0.2845218309998927	1
755	2	1	0.00000164696123	0.6945399999999999	0.0	0.11976352300011331	0.13371195499996702	0.44106452199991963	1
755	2	2	0.00000208092043	0.45142000000000004	0.0	0.10517086799986095	0.0573711390002245	0.28887799299991457	1
755	2	3	0.00000296900554	0.33227999999999996	0.0	0.10515062299978968	0.0380102800000941	0.1891190970001162	1
755	2	4	0.00000603717834	0.35023000000000004	0.0	0.10550207900017858	0.046354667999821686	0.19837325299999975	1
755	2	5	0.00001393602747	0.41208	0.0	0.10472630700013184	0.07885782599987579	0.22849586699999236	1
756	2	1	0.00000164225288	0.69228	0.0	0.1099221240000536	0.15025718100002905	0.4321006949999173	1
756	2	2	0.00000201012862	0.43443000000000004	0.0	0.10512544900004986	0.05816399600007571	0.27114055499987444	1
756	2	3	0.00000320475601	0.36057	0.0	0.10527672899985857	0.043319920000044476	0.21197335100009695	1
756	2	4	0.0000060161783	0.34897000000000006	0.0	0.10538060700013444	0.04593367500001477	0.19765571799985082	1
756	2	5	0.00001300769228	0.38423	0.0	0.10467917600032933	0.0526163730000917	0.22693445099957898	1
757	2	1	0.00000158854444	0.6665	0.0	0.13570503699993788	0.10521354200000133	0.4255814210000608	1
757	2	2	0.00000182754492	0.39061	0.0	0.10532131300040726	0.05025999999998021	0.23502868699961255	1
757	2	3	0.00000307733909	0.34528	0.0	0.10580727000001139	0.04934212000000571	0.19013060999998288	1
757	2	4	0.0000059313448	0.34388	0.0	0.10515018400006818	0.04430845699994279	0.19442135899998902	1
757	2	5	0.0000124510245	0.36752999999999997	0.0	0.10475630000020215	0.04892984799994338	0.21384385199985445	1
758	2	1	0.00000154681519	0.64647	0.0	0.12253443199993012	0.1044201920000205	0.4195153760000494	1
758	2	2	0.00000215529558	0.46926999999999996	0.0	0.10957847699996227	0.08449800800008234	0.27519351499995537	1
758	2	3	0.00000308442244	0.34613	0.0	0.10636115999998935	0.037904479999951946	0.2018643600000587	1
758	2	4	0.00000626751214	0.36405000000000004	0.0	0.10530755199975175	0.0434185910000906	0.21532385700015766	1
758	2	5	0.00001177835649	0.34735000000000005	0.0	0.10472426300020163	0.04616231999989395	0.19646341699990444	1
759	2	1	0.00000164039871	0.69139	0.0	0.14353480800007093	0.10887427099999059	0.43898092099993846	1
759	2	2	0.00000185416998	0.397	0.0	0.10582725700039373	0.047229168999820104	0.24394357399978617	1
759	2	3	0.00000331217289	0.37346	0.0	0.1056323299999121	0.049940210000045226	0.21788746000004267	1
759	2	4	0.00000594151148	0.34449	0.0	0.10584845200042241	0.05069721700010632	0.18794433099947128	1
759	2	5	0.0000124823579	0.36847	0.0	0.10488117100009982	0.05253713699994478	0.21105169199995544	1
760	2	1	0.00000163783621	0.69016	0.0	0.12443689299994651	0.12884793300008823	0.4368751739999652	1
760	2	2	0.00000206079539	0.44659	0.0	0.10525136399927197	0.050019319000057294	0.2913193170006707	1
760	2	3	0.00000317675595	0.35720999999999997	0.0	0.10540210999999085	0.04403945000001386	0.20776843999999528	1
760	2	4	0.00000614401189	0.35664	0.0	0.10527195800003267	0.0424168509998708	0.20895119100009651	1
760	2	5	0.00001244602449	0.36738	0.0	0.10458733599952837	0.03714979100004712	0.22564287300042452	1
802	1	1	0.0000018518783	0.7929	0.0	0.5717747470000316	0.13156090500001483	0.0895643479999535	1
802	1	2	0.00000269754666	0.59941	0.0	0.42626687499997584	0.1256798770000387	0.04746324799998547	1
802	1	3	0.00000238292103	0.26195	0.0	0.1909598730000409	0.03308016200003294	0.03790996499992616	1
802	1	4	0.0000049020094	0.28212000000000004	0.0	0.15675841800013143	0.08981002299992724	0.035551558999941335	1
802	1	5	0.00000802668232	0.2348	0.0	0.13541603200001628	0.05848641200009297	0.040897555999890756	1
803	1	1	0.00000176600313	0.75168	0.0	0.5403313339998373	0.1246669430000793	0.08668172300008337	1
803	1	2	0.00000178858651	0.38126	0.0	0.26963623700010225	0.0518003599995609	0.05982340300033684	1
803	1	3	0.00000250300461	0.27636	0.0	0.1852151849999931	0.05127484000001914	0.03986997499998779	1
803	1	4	0.00000440784175	0.25247	0.0	0.14578477499990797	0.06249646800006303	0.044188757000029	1
803	1	5	0.00000732534758	0.21376	0.0	0.1322991510000045	0.044477806000031705	0.0369830429999638	1
804	1	1	0.00000196139936	0.84547	0.0	0.6644532819999766	0.10478440500003217	0.07623231299999134	1
804	1	2	0.00000207071207	0.44897000000000004	0.0	0.32796903299967267	0.08047212100018442	0.04052884600014295	1
804	1	3	0.0000029002554	0.32403	0.0	0.23572153700002424	0.051317928999992546	0.0369905339999832	1
804	1	4	0.00000457834209	0.2627	0.0	0.16957270400007945	0.05431032100000266	0.038816974999917875	1
804	1	5	0.00000798801558	0.23364	0.0	0.14531109599996364	0.05070722900018154	0.037621674999854804	1
805	1	1	0.00000208275377	0.9037200000000001	0.0	0.6898993749999607	0.12288028700004361	0.09094033799999579	1
805	1	2	0.0000020833371	0.452	0.0	0.3364837770002414	0.06404262399973959	0.05147359900001902	1
805	1	3	0.00000304675569	0.34161	0.0	0.22470605699998886	0.07706027799997628	0.03984366500003489	1
805	1	4	0.00000468100896	0.26886000000000004	0.0	0.17016900999974985	0.0624227770001653	0.03626821300008487	1
805	1	5	0.00000771434836	0.22543000000000002	0.0	0.14484390099987077	0.040595745000018724	0.03999035400011053	1
806	1	1	0.00000268337997	1.19202	0.0	0.9757317999999918	0.1311118720000195	0.08517632799998864	1
806	1	2	0.00000242571278	0.5341699999999999	0.0	0.42538590900003864	0.06208705300014117	0.04669703799982017	1
806	1	3	0.0000032664228	0.36797	0.0	0.27484377500000823	0.048133517999986	0.044992707000005794	1
806	1	4	0.00000529834353	0.3059	0.0	0.2015012379999265	0.06448404200000368	0.03991472000006979	1
806	1	5	0.0000084646832	0.24794	0.0	0.16476737899986932	0.04896219800002655	0.03421042300010413	1
852	2	1	0.00000158862778	0.66654	0.0	0.12015344399998412	0.10522819899995284	0.441158357000063	1
852	2	2	0.00000187062834	0.40095	0.0	0.10550349600024418	0.056941669000025286	0.23850483499973052	1
852	2	3	0.00000306117239	0.34334	0.0	0.105148050999889	0.042805810000004385	0.1953861390001066	1
852	2	4	0.00000606184506	0.35170999999999997	0.0	0.1052310039998219	0.04882096000005731	0.19765803600012077	1
852	2	5	0.00001240902442	0.36627	0.0	0.10497212099996023	0.04316802199991798	0.21812985700012177	1
853	2	1	0.00000159089862	0.6676300000000001	0.0	0.10939227800005563	0.12711110899999767	0.4311266129999467	1
853	2	2	0.00000183437827	0.39225	0.0	0.10538855399966997	0.05264226300005248	0.23421918300027755	1
853	2	3	0.00000309133912	0.34696	0.0	0.10546948899994817	0.046441360000017085	0.19504915100003473	1
853	2	4	0.00000613684521	0.35620999999999997	0.0	0.1055899469998521	0.04356008800004929	0.2070599650000986	1
853	2	5	0.00001336302633	0.39489	0.0	0.1047168260003806	0.0634813919998578	0.2266917819997616	1
854	2	1	0.00000156933607	0.65728	0.0	0.12168118100008474	0.11529570999994121	0.42030310899997403	1
854	2	2	0.00000227467082	0.49792000000000003	0.0	0.10536341400004488	0.05042466799977774	0.3421319180001774	1
854	2	3	0.0000030676724	0.34412000000000004	0.0	0.10607634700013671	0.04027649099998598	0.19776716199987732	1
854	2	4	0.00000634817896	0.36889	0.0	0.10541978100039943	0.050029570999868156	0.2134406479997324	1
854	2	5	0.00001210835715	0.35725	0.0	0.10479211900017253	0.04468937300021025	0.2077685079996172	1
855	2	1	0.0000015674819	0.65639	0.0	0.11773432700011983	0.11493577700002788	0.42371989599985227	1
855	2	2	0.0000019520035	0.42048	0.0	0.10548087499933217	0.08521736400007285	0.229781761000595	1
855	2	3	0.00000296117219	0.33133999999999997	0.0	0.10576874799999116	0.040558000000032735	0.1850132519999761	1
855	2	4	0.00000630584555	0.36635	0.0	0.10568305199966528	0.047789198000145916	0.21287775000018883	1
855	2	5	0.00001309569246	0.38687	0.0	0.10493100800017703	0.049582443999952375	0.2323565479998706	1
856	2	1	0.00000157635692	0.66065	0.0	0.10843780699994056	0.11987382999996044	0.432338363000099	1
856	2	2	0.00000190079507	0.40819	0.0	0.10861365999961475	0.04775738000034835	0.2518189600000369	1
856	2	3	0.00000318292263	0.35795	0.0	0.10541632099981979	0.04810024000005342	0.20443343900012678	1
856	2	4	0.00000627317881	0.36439	0.0	0.10534921700018152	0.046986047000018516	0.21205473599979996	1
856	2	5	0.00001294102548	0.38223	0.0	0.10501155300023174	0.042911844999935056	0.23430660199983322	1
2503	3	1	0.00003328646201	15.88147	0.71186	15.524093793999974	0.0	0.3573762060000263	1
2503	3	2	0.0000301505599	7.18812	0.77425	7.023849239999864	0.0	0.16427076000013585	1
2503	3	3	0.00003176347979	3.7876100000000004	0.66588	3.6772119000001164	0.0	0.11039809999988393	1
2503	3	4	0.00003143206246	1.87392	0.76607	1.7970651499999821	0.0	0.0768548500000179	1
2503	3	5	0.00003815507591	1.1386500000000002	0.78292	1.0454213199997344	0.0	0.09322868000026574	1
2504	3	1	0.00006155672688	29.451169999999998	0.0	29.214225970999973	0.0	0.23694402900002842	1
2504	3	2	0.00005527256848	13.21739	0.0	13.091320609999888	0.0	0.12606939000011153	1
2504	3	3	0.00005896945087	7.05232	0.0	6.95901706299991	0.0	0.09330293700008951	1
2504	3	4	0.00005900861762	3.5285100000000003	0.0	3.478754991000034	0.0	0.04975500899996632	1
2504	3	5	0.00006629213218	1.98276	0.0	1.9364575159999202	0.0	0.04630248400007986	1
2505	3	1	0.00006292445878	30.107680000000002	0.0	29.866186816000024	0.0	0.2414931839999781	1
2505	3	2	0.00005669902966	13.55974	0.0	13.424362280000048	0.0	0.1353777199999513	1
2505	3	3	0.00005988461937	7.162140000000001	0.0	7.073855191999975	0.0	0.0882848080000258	1
2505	3	4	0.00005897028421	3.5262100000000003	0.0	3.4843540139999702	0.0	0.04185598600003004	1
2505	3	5	0.00006760613481	2.02218	0.0	1.9705922620001473	0.0	0.051587737999852834	1
2506	3	1	0.00005149422759	24.621180000000003	0.0	24.40127398200004	0.0	0.21990601799996057	1
2506	3	2	0.00004717892729	11.27492	0.0	11.15684963099982	0.0	0.1180703690001792	1
2506	3	3	0.00004869243032	5.8190800000000005	0.0	5.770649268999947	0.0	0.04843073100005313	1
2506	3	4	0.00004917876462	2.93872	0.0	2.8966409540000306	0.0	0.04207904599996937	1
2506	3	5	0.00005617244528	1.67917	0.0	1.6321600000002272	0.0	0.047009999999772845	1
2507	3	1	0.00005244618783	25.07812	0.0	24.84761718200001	0.0	0.23050281799999084	1
2507	3	2	0.00004805913738	11.48617	0.0	11.376859959999917	0.0	0.10931004000008215	1
2507	3	3	0.00004950668195	5.91679	0.0	5.868547053000165	0.0	0.04824294699983511	1
2507	3	4	0.00004900693095	2.92841	0.0	2.8886567450000062	0.0	0.039753254999993715	1
2507	3	5	0.00005666344626	1.6939000000000002	0.0	1.6421861159999631	0.0	0.05171388400003707	1
2508	3	1	0.00005024666259	24.02235	0.0	23.797585554999994	0.0	0.22476444500000525	1
2508	3	2	0.00004549221558	10.87011	0.0	10.754778289000047	0.0	0.11533171099995343	1
2508	3	3	0.00004739151105	5.6629700000000005	0.0	5.619094944000067	0.0	0.043875055999933466	1
2508	3	4	0.00004732359425	2.82741	0.0	2.7852676640000165	0.0	0.042142335999983516	1
2508	3	5	0.00005469210898	1.63476	0.0	1.5868533670000886	0.0	0.04790663299991138	1
2509	3	1	0.00005147322755	24.6111	0.0	24.38130277700001	0.0	0.2297972229999914	1
2509	3	2	0.00004638563404	11.08453	0.0	10.966332950000066	0.0	0.11819704999993519	1
2509	3	3	0.00004833534627	5.77623	0.0	5.731044933999842	0.0	0.04518506600015826	1
2509	3	4	0.00004902793099	2.92967	0.0	2.889257873999965	0.0	0.04041212600003519	1
2509	3	5	0.00005644611249	1.68738	0.0	1.6359230299996552	0.0	0.05145697000034488	1
2510	3	1	0.00004650659261	22.22712	0.0	21.986329155000007	0.0	0.24079084499999226	1
2510	3	2	0.0000414508325	9.90018	0.0	9.78833567000006	0.0	0.11184432999993987	1
2510	3	3	0.00004398375423	5.25404	0.0	5.212181454000042	0.0	0.04185854599995764	1
2510	3	4	0.00004347358655	2.59641	0.0	2.55538349400002	0.0	0.041026505999980145	1
2510	3	5	0.00005130543554	1.53316	0.0	1.4864593089997036	0.0	0.0467006910002965	1
2511	3	1	0.00005355858588	25.61207	0.0	25.36635730199997	0.0	0.24571269800003392	1
2511	3	2	0.00004913263953	11.74381	0.0	11.61602881000005	0.0	0.12778118999995058	1
2511	3	3	0.00005148560257	6.154260000000001	0.0	6.056408456000078	0.0	0.0978515439999228	1
2511	3	4	0.00005042776712	3.01366	0.0	2.9764535259999843	0.0	0.03720647400001553	1
2511	3	5	0.00005852878332	1.74986	0.0	1.6997425190003117	0.0	0.05011748099968827	1
2512	3	1	0.00004607263341	22.01882	0.0	21.79267075799998	0.0	0.2261492420000195	1
2512	3	2	0.00004135599898	9.87742	0.0	9.749176939999842	0.0	0.12824306000015895	1
2512	3	3	0.00004344791983	5.18974	0.0	5.15360553100001	0.0	0.03613446899998962	1
2512	3	4	0.00004193275013	2.50396	0.0	2.4603088139999665	0.0	0.043651186000033704	1
2512	3	5	0.00005013843321	1.49815	0.0	1.4461204799996399	0.0	0.05202952000036021	1
2513	3	1	0.00004569329932	21.836740000000002	0.0	21.616760504000048	0.0	0.2199794959999508	1
2513	3	2	0.00004142708245	9.89448	0.0	9.764566420000007	0.0	0.1299135799999931	1
2513	3	3	0.00004335541964	5.178640000000001	0.0	5.1405307320000295	0.0	0.03810926799997105	1
2513	3	4	0.00004253225133	2.53993	0.0	2.4942752029999458	0.0	0.04565479700005426	1
2513	3	5	0.00005041210042	1.50636	0.0	1.43320023899983	0.0	0.07315976100016996	1
2514	3	1	0.000049450536	23.64021	0.0	23.410600824999936	0.0	0.22960917500006417	1
2514	3	2	0.00004351216996	10.3949	0.0	10.2734510900002	0.0	0.12144890999979907	1
2514	3	3	0.00004668842631	5.578600000000001	0.0	5.538435087999864	0.0	0.04016491200013661	1
2514	3	4	0.00004664342622	2.7866	0.0	2.741908962999993	0.0	0.04469103700000687	1
2514	3	5	0.00005321143936	1.5903399999999999	0.0	1.5531241510000506	0.0	0.03721584899994923	1
2515	3	1	0.00004237268851	20.24285	0.0	20.002049203999967	0.0	0.24080079600003046	1
2515	3	2	0.00003754461636	8.96269	0.0	8.763743590000038	0.0	0.19894640999996227	1
2515	3	3	0.00003990549608	4.76465	0.0	4.727880667000061	0.0	0.03676933299993834	1
2515	3	4	0.00003950291194	2.3581700000000003	0.0	2.31609371500005	0.0	0.04207628499995053	1
2515	3	5	0.00004600042493	1.37401	0.0	1.3369298999996333	0.0	0.037080100000366656	1
2516	3	1	0.00004758930311	22.74682	0.0	22.509868759999947	0.0	0.23695124000005308	1
2516	3	2	0.00004194750016	10.01938	0.0	9.91378467999998	0.0	0.10559532000002037	1
2516	3	3	0.00004477800582	5.34935	0.0	5.303289278999997	0.0	0.04606072100000347	1
2516	3	4	0.00004537542368	2.71052	0.0	2.667450014000022	0.0	0.04306998599997769	1
2516	3	5	0.00005173643641	1.54609	0.0	1.512122639000332	0.0	0.03396736099966802	1
2517	3	1	0.00004237179268	20.24242	0.0	20.01304217299999	0.0	0.22937782700000753	1
2517	3	2	0.00003730432421	8.90502	0.0	8.792053060000022	0.0	0.11296693999997842	1
2517	3	3	0.00003974474576	4.74536	0.0	4.705366184999884	0.0	0.03999381500011623	1
2517	3	4	0.00004010657981	2.39439	0.0	2.3505983530000223	0.0	0.04379164699997773	1
2517	3	5	0.00004652042597	1.38961	0.0	1.3454915860000323	0.0	0.04411841399996774	1
2518	3	1	0.0000417495206	19.94373	0.0	19.713298101999992	0.0	0.23043189800000619	1
2518	3	2	0.00003608661344	8.612770000000001	0.0	8.499374989999797	0.0	0.11339501000020391	1
2518	3	3	0.00003902091097	4.6585	0.0	4.620782048999896	0.0	0.03771795100010422	1
2518	3	4	0.00003995874618	2.38552	0.0	2.3453148250000173	0.0	0.04020517499998277	1
2518	3	5	0.00004595675818	1.3727	0.0	1.3290821269998698	0.0	0.0436178730001302	1
2519	3	1	0.00004146129086	19.805380000000003	0.0	19.565512277000142	0.0	0.23986772299986114	1
2519	3	2	0.00003645932252	8.702219999999999	0.0	8.571192369999936	0.0	0.13102763000006235	1
2519	3	3	0.00003887199401	4.64063	0.0	4.606213209999977	0.0	0.034416790000022957	1
2519	3	4	0.00003809340912	2.2736	0.0	2.233911274999981	0.0	0.039688725000019076	1
2519	3	5	0.00004492775612	1.3418299999999999	0.0	1.3042380630001116	0.0	0.037591936999888276	1
2520	3	1	0.00004182202074	19.97853	0.0	19.757224060999896	0.0	0.22130593900010354	1
2520	3	2	0.00003610190514	8.61644	0.0	8.493813219999982	0.0	0.1226267800000187	1
2520	3	3	0.00003942991179	4.70758	0.0	4.668348218000112	0.0	0.03923178199988797	1
2520	3	4	0.00003912657785	2.3355900000000003	0.0	2.291768243000011	0.0	0.04382175699998925	1
2520	3	5	0.00004558775744	1.3616300000000001	0.0	1.317674072000168	0.0	0.043955927999832056	1
2521	3	1	0.00004155729105	19.85146	0.0	19.61577234400002	0.0	0.23568765599998187	1
2521	3	2	0.00003731369923	8.90727	0.0	8.790553740000025	0.0	0.11671625999997559	1
2521	3	3	0.00003932324491	4.69478	0.0	4.657677448999911	0.0	0.03710255100008908	1
2521	3	4	0.00004001141296	2.38868	0.0	2.3419404019999552	0.0	0.04673959800004468	1
2521	3	5	0.00004530175687	1.35305	0.0	1.3147664229998708	0.0	0.0382835770001293	1
2522	3	1	0.00004169731216	19.91867	0.0	19.693652006000068	0.0	0.22501799399992706	1
2522	3	2	0.00003664298955	8.7463	0.0	8.631350930000034	0.0	0.11494906999996601	1
2522	3	3	0.0000395829121	4.72594	0.0	4.6929313249999804	0.0	0.03300867500001914	1
2522	3	4	0.00004079608119	2.43576	0.0	2.3896285520000173	0.0	0.04613144799998281	1
2522	3	5	0.00004555309071	1.36059	0.0	1.3198690719998447	0.0	0.040720928000155254	1
2523	3	1	0.00004134843646	19.75121	0.0	19.524041122000067	0.0	0.22716887799992946	1
2523	3	2	0.00003660340614	8.736799999999999	0.0	8.617796039999899	0.0	0.11900396000010005	1
2523	3	3	0.00003875174377	4.6262	0.0	4.587972476000078	0.0	0.038227523999921686	1
2523	3	4	0.00003996307953	2.3857800000000005	0.0	2.342230234000045	0.0	0.043549765999955525	1
2523	3	5	0.00004500975629	1.34429	0.0	1.3084654750000473	0.0	0.0358245249999527	1
2524	3	1	0.00004164347872	19.892830000000004	0.0	19.670033118999978	0.0	0.22279688100002204	1
2524	3	2	0.00003683736494	8.792950000000001	0.0	8.679326139999812	0.0	0.11362386000018887	1
2524	3	3	0.00004022483005	4.80297	0.0	4.760799435999884	0.0	0.04217056400011643	1
2524	3	4	0.00003867674362	2.3085999999999998	0.0	2.2661006239999764	0.0	0.0424993760000234	1
2524	3	5	0.00004572675772	1.3658	0.0	1.321306649000199	0.0	0.044493350999800896	1
2525	3	1	0.00004175031227	19.944110000000002	0.0	19.720626212999925	0.0	0.22348378700007743	1
2525	3	2	0.00003736194932	8.91885	0.0	8.816685869999882	0.0	0.10216413000011926	1
2525	3	3	0.00004062524752	4.85102	0.0	4.8101185230001935	0.0	0.04090147699980662	1
2525	3	4	0.00003845390984	2.29523	0.0	2.2554051850000256	0.0	0.03982481499997448	1
2525	3	5	0.00004569475766	1.36484	0.0	1.319909230999925	0.0	0.04493076900007509	1
2526	3	1	0.00004262529318	20.3641	0.0	20.124874621999872	0.0	0.23922537800012833	1
2526	3	2	0.00003789720039	9.04731	0.0	8.93350795999989	0.0	0.11380204000010963	1
2526	3	3	0.000041031415	4.899760000000001	0.0	4.862783976999921	0.0	0.036976023000079294	1
2526	3	4	0.00003939224505	2.3515300000000003	0.0	2.3117981449999867	0.0	0.03973185500001364	1
2526	3	5	0.00004608909178	1.37667	0.0	1.3368728419999443	0.0	0.03979715800005579	1
2527	3	1	0.00004207237541	20.0987	0.0	19.842007066999933	0.0	0.25669293300006757	1
2527	3	2	0.00003585673798	8.5576	0.0	8.452474429999846	0.0	0.10512557000015477	1
2527	3	3	0.0000390856611	4.666270000000001	0.0	4.625222757999897	0.0	0.041047242000104234	1
2527	3	4	0.00003885141064	2.31908	0.0	2.272557092000071	0.0	0.046522907999928975	1
2527	3	5	0.00004546942387	1.35808	0.0	1.3076631469998847	0.0	0.050416853000115225	1
2528	4	1	0.00000901691347	4.23211	0.66483	0.007691249999902084	4.046858881000105	0.17755986899999243	1
2528	4	2	0.00000770072333	1.80017	0.81589	0.007629643000220313	1.7060996949999208	0.086440661999859	1
2528	4	3	0.00001381852724	1.63422	0.77316	0.007784359999932122	1.5637284320000617	0.06270720800000618	1
2528	4	4	0.00002268021163	1.34881	0.81186	0.007962767000023177	1.292342848999965	0.04850438400001167	1
2528	4	5	0.00004266141826	1.2738399999999999	0.7926799999999999	0.007405680000083294	1.2280410999999276	0.038393219999989014	1

#<bucket_range_id> <size1_gb> <size2_gb> <cost_per_gb>
1	0	51200	0.0405
2	51200	460800	0.0390
3	460800	99999999999999	0.0370
