#<#tasks> <#config> <#data> <#vms> <#buckets> <#bucket_ranges> <max_running_time> <max_financial_cost>
91	5	209	3	1	3	1000	999999

#<task_id> <activity_id> <task_type__0-VM__1-VM_FX> <vm_cpu_time> <n_input> [<id_input>...] <n_output> [<id_output>...]
1	1	1	0.0061659690691158175	1	[1]	1	[2]
28	1	1	0.03867682698182762	1	[29]	1	[30]
734	1	1	0.02069828601088375	1	[126]	1	[127]
736	1	1	0.03879841300658882	1	[130]	1	[131]
812	1	1	0.04815019003581256	1	[224]	1	[225]
815	1	1	0.035147359943948686	1	[230]	1	[231]
819	1	1	0.02686735789757222	1	[238]	1	[239]
1291	1	1	0.04553396801929921	1	[440]	1	[441]
1292	1	1	0.012054404010996222	1	[442]	1	[443]
1306	1	1	0.04173146502580494	1	[470]	1	[471]
1315	1	1	0.01851868093945086	1	[488]	1	[489]
1319	1	1	0.015219075023196638	1	[496]	1	[497]
1324	1	1	0.024491957970894873	1	[506]	1	[507]
1327	1	1	0.012924850918352604	1	[512]	1	[513]
1338	1	1	0.03148778108879924	1	[534]	1	[535]
1339	1	1	0.06071053503546864	1	[536]	1	[537]
1342	1	1	0.03811222605872899	1	[542]	1	[543]
1349	1	1	0.040180630050599575	1	[556]	1	[557]
1353	1	1	0.02968935703393072	1	[564]	1	[565]
1365	1	1	0.014503992977552116	1	[588]	1	[589]
1372	1	1	0.016105402959510684	1	[602]	1	[603]
1375	1	1	0.026295842020772398	1	[608]	1	[609]
1385	1	1	0.034350026049651206	1	[628]	1	[629]
1386	1	1	0.010622224071994424	1	[630]	1	[631]
1390	1	1	0.03200011292938143	1	[638]	1	[639]
1401	1	1	0.038242190959863365	1	[660]	1	[661]
1405	1	1	0.027576015098020434	1	[668]	1	[669]
1429	1	1	0.060043708072043955	1	[716]	1	[717]
1433	1	1	0.07038742292206734	1	[724]	1	[725]
1437	1	1	0.02482660091482103	1	[732]	1	[733]
9	2	1	0.0012598769972100854	1	[2]	3	[5,6,7]
38	2	1	0.0028095520101487637	1	[30]	7	[70,71,72,73,74,75,76]
754	2	1	0.002216130029410124	1	[127]	6	[157,158,159,160,161,162]
756	2	1	0.0018538320437073708	1	[131]	5	[168,169,170,171,172]
862	2	1	0.0020005579572170973	1	[225]	5	[314,315,316,317,318]
865	2	1	0.0018887929618358612	1	[231]	5	[329,330,331,332,333]
869	2	1	0.001954279956407845	1	[239]	5	[349,350,351,352,353]
1492	2	1	0.0016490910202264786	1	[441]	4	[746,747,748,749]
1493	2	1	0.0016614090418443084	1	[443]	4	[750,751,752,753]
1507	2	1	0.0018197849858552217	1	[471]	4	[806,807,808,809]
1516	2	1	0.0017969909822568297	1	[489]	4	[842,843,844,845]
1520	2	1	0.001688739052042365	1	[497]	4	[858,859,860,861]
1525	2	1	0.0017953059868887067	1	[507]	4	[878,879,880,881]
1528	2	1	0.0016970810247585177	1	[513]	4	[890,891,892,893]
1539	2	1	0.0017190370708703995	1	[535]	4	[934,935,936,937]
1540	2	1	0.0018442020518705249	1	[537]	4	[938,939,940,941]
1543	2	1	0.0016196880023926497	1	[543]	4	[950,951,952,953]
1550	2	1	0.001690740929916501	1	[557]	4	[978,979,980,981]
1554	2	1	0.0017043909756466746	1	[565]	4	[994,995,996,997]
1566	2	1	0.001659278990700841	1	[589]	4	[1042,1043,1044,1045]
1573	2	1	0.0013413960114121437	1	[603]	3	[1070,1071,1072]
1576	2	1	0.0013940059579908848	1	[609]	3	[1079,1080,1081]
1586	2	1	0.001467344001866877	1	[629]	3	[1109,1110,1111]
1587	2	1	0.0013294429518282413	1	[631]	3	[1112,1113,1114]
1591	2	1	0.0014515849761664867	1	[639]	3	[1124,1125,1126]
1602	2	1	0.0014291319530457258	1	[661]	3	[1157,1158,1159]
1606	2	1	0.0014694930287078023	1	[669]	3	[1169,1170,1171]
1630	2	1	0.0013180370442569256	1	[717]	3	[1240,1241,1242]
1634	2	1	0.0013748820638284087	1	[725]	3	[1252,1253,1254]
1638	2	1	0.0013641909463331103	1	[733]	3	[1264,1265,1266]
7945	3	1	0.1251288140192628	118	[5,6,7,70,71,72,73,74,75,76,157,158,159,160,161,162,168,169,170,171,172,314,315,316,317,318,329,330,331,332,333,349,350,351,352,353,746,747,748,749,750,751,752,753,806,807,808,809,842,843,844,845,858,859,860,861,878,879,880,881,890,891,892,893,934,935,936,937,938,939,940,941,950,951,952,953,978,979,980,981,994,995,996,997,1042,1043,1044,1045,1070,1071,1072,1079,1080,1081,1109,1110,1111,1112,1113,1114,1124,1125,1126,1157,1158,1159,1169,1170,1171,1240,1241,1242,1252,1253,1254,1264,1265,1266]	1	[16]
7946	3	1	0.32752425700891763	118	[5,6,7,70,71,72,73,74,75,76,157,158,159,160,161,162,168,169,170,171,172,314,315,316,317,318,329,330,331,332,333,349,350,351,352,353,746,747,748,749,750,751,752,753,806,807,808,809,842,843,844,845,858,859,860,861,878,879,880,881,890,891,892,893,934,935,936,937,938,939,940,941,950,951,952,953,978,979,980,981,994,995,996,997,1042,1043,1044,1045,1070,1071,1072,1079,1080,1081,1109,1110,1111,1112,1113,1114,1124,1125,1126,1157,1158,1159,1169,1170,1171,1240,1241,1242,1252,1253,1254,1264,1265,1266]	1	[96]
7947	3	1	0.3116375240497291	118	[5,6,7,70,71,72,73,74,75,76,157,158,159,160,161,162,168,169,170,171,172,314,315,316,317,318,329,330,331,332,333,349,350,351,352,353,746,747,748,749,750,751,752,753,806,807,808,809,842,843,844,845,858,859,860,861,878,879,880,881,890,891,892,893,934,935,936,937,938,939,940,941,950,951,952,953,978,979,980,981,994,995,996,997,1042,1043,1044,1045,1070,1071,1072,1079,1080,1081,1109,1110,1111,1112,1113,1114,1124,1125,1126,1157,1158,1159,1169,1170,1171,1240,1241,1242,1252,1253,1254,1264,1265,1266]	1	[196]
7948	3	1	0.22057014994788915	118	[5,6,7,70,71,72,73,74,75,76,157,158,159,160,161,162,168,169,170,171,172,314,315,316,317,318,329,330,331,332,333,349,350,351,352,353,746,747,748,749,750,751,752,753,806,807,808,809,842,843,844,845,858,859,860,861,878,879,880,881,890,891,892,893,934,935,936,937,938,939,940,941,950,951,952,953,978,979,980,981,994,995,996,997,1042,1043,1044,1045,1070,1071,1072,1079,1080,1081,1109,1110,1111,1112,1113,1114,1124,1125,1126,1157,1158,1159,1169,1170,1171,1240,1241,1242,1252,1253,1254,1264,1265,1266]	1	[198]
7949	3	1	0.2179097889456898	118	[5,6,7,70,71,72,73,74,75,76,157,158,159,160,161,162,168,169,170,171,172,314,315,316,317,318,329,330,331,332,333,349,350,351,352,353,746,747,748,749,750,751,752,753,806,807,808,809,842,843,844,845,858,859,860,861,878,879,880,881,890,891,892,893,934,935,936,937,938,939,940,941,950,951,952,953,978,979,980,981,994,995,996,997,1042,1043,1044,1045,1070,1071,1072,1079,1080,1081,1109,1110,1111,1112,1113,1114,1124,1125,1126,1157,1158,1159,1169,1170,1171,1240,1241,1242,1252,1253,1254,1264,1265,1266]	1	[415]
7950	3	1	0.21698132099118084	118	[5,6,7,70,71,72,73,74,75,76,157,158,159,160,161,162,168,169,170,171,172,314,315,316,317,318,329,330,331,332,333,349,350,351,352,353,746,747,748,749,750,751,752,753,806,807,808,809,842,843,844,845,858,859,860,861,878,879,880,881,890,891,892,893,934,935,936,937,938,939,940,941,950,951,952,953,978,979,980,981,994,995,996,997,1042,1043,1044,1045,1070,1071,1072,1079,1080,1081,1109,1110,1111,1112,1113,1114,1124,1125,1126,1157,1158,1159,1169,1170,1171,1240,1241,1242,1252,1253,1254,1264,1265,1266]	1	[418]
7951	3	1	0.21329976990818977	118	[5,6,7,70,71,72,73,74,75,76,157,158,159,160,161,162,168,169,170,171,172,314,315,316,317,318,329,330,331,332,333,349,350,351,352,353,746,747,748,749,750,751,752,753,806,807,808,809,842,843,844,845,858,859,860,861,878,879,880,881,890,891,892,893,934,935,936,937,938,939,940,941,950,951,952,953,978,979,980,981,994,995,996,997,1042,1043,1044,1045,1070,1071,1072,1079,1080,1081,1109,1110,1111,1112,1113,1114,1124,1125,1126,1157,1158,1159,1169,1170,1171,1240,1241,1242,1252,1253,1254,1264,1265,1266]	1	[422]
7952	3	1	0.17296489095315337	118	[5,6,7,70,71,72,73,74,75,76,157,158,159,160,161,162,168,169,170,171,172,314,315,316,317,318,329,330,331,332,333,349,350,351,352,353,746,747,748,749,750,751,752,753,806,807,808,809,842,843,844,845,858,859,860,861,878,879,880,881,890,891,892,893,934,935,936,937,938,939,940,941,950,951,952,953,978,979,980,981,994,995,996,997,1042,1043,1044,1045,1070,1071,1072,1079,1080,1081,1109,1110,1111,1112,1113,1114,1124,1125,1126,1157,1158,1159,1169,1170,1171,1240,1241,1242,1252,1253,1254,1264,1265,1266]	1	[1336]
7953	3	1	0.1721094559179619	118	[5,6,7,70,71,72,73,74,75,76,157,158,159,160,161,162,168,169,170,171,172,314,315,316,317,318,329,330,331,332,333,349,350,351,352,353,746,747,748,749,750,751,752,753,806,807,808,809,842,843,844,845,858,859,860,861,878,879,880,881,890,891,892,893,934,935,936,937,938,939,940,941,950,951,952,953,978,979,980,981,994,995,996,997,1042,1043,1044,1045,1070,1071,1072,1079,1080,1081,1109,1110,1111,1112,1113,1114,1124,1125,1126,1157,1158,1159,1169,1170,1171,1240,1241,1242,1252,1253,1254,1264,1265,1266]	1	[1337]
7954	3	1	0.17714713898021728	118	[5,6,7,70,71,72,73,74,75,76,157,158,159,160,161,162,168,169,170,171,172,314,315,316,317,318,329,330,331,332,333,349,350,351,352,353,746,747,748,749,750,751,752,753,806,807,808,809,842,843,844,845,858,859,860,861,878,879,880,881,890,891,892,893,934,935,936,937,938,939,940,941,950,951,952,953,978,979,980,981,994,995,996,997,1042,1043,1044,1045,1070,1071,1072,1079,1080,1081,1109,1110,1111,1112,1113,1114,1124,1125,1126,1157,1158,1159,1169,1170,1171,1240,1241,1242,1252,1253,1254,1264,1265,1266]	1	[1307]
7955	3	1	0.17233300604857504	118	[5,6,7,70,71,72,73,74,75,76,157,158,159,160,161,162,168,169,170,171,172,314,315,316,317,318,329,330,331,332,333,349,350,351,352,353,746,747,748,749,750,751,752,753,806,807,808,809,842,843,844,845,858,859,860,861,878,879,880,881,890,891,892,893,934,935,936,937,938,939,940,941,950,951,952,953,978,979,980,981,994,995,996,997,1042,1043,1044,1045,1070,1071,1072,1079,1080,1081,1109,1110,1111,1112,1113,1114,1124,1125,1126,1157,1158,1159,1169,1170,1171,1240,1241,1242,1252,1253,1254,1264,1265,1266]	1	[1320]
7956	3	1	0.17225031391717494	118	[5,6,7,70,71,72,73,74,75,76,157,158,159,160,161,162,168,169,170,171,172,314,315,316,317,318,329,330,331,332,333,349,350,351,352,353,746,747,748,749,750,751,752,753,806,807,808,809,842,843,844,845,858,859,860,861,878,879,880,881,890,891,892,893,934,935,936,937,938,939,940,941,950,951,952,953,978,979,980,981,994,995,996,997,1042,1043,1044,1045,1070,1071,1072,1079,1080,1081,1109,1110,1111,1112,1113,1114,1124,1125,1126,1157,1158,1159,1169,1170,1171,1240,1241,1242,1252,1253,1254,1264,1265,1266]	1	[1338]
7957	3	1	0.1716677750227973	118	[5,6,7,70,71,72,73,74,75,76,157,158,159,160,161,162,168,169,170,171,172,314,315,316,317,318,329,330,331,332,333,349,350,351,352,353,746,747,748,749,750,751,752,753,806,807,808,809,842,843,844,845,858,859,860,861,878,879,880,881,890,891,892,893,934,935,936,937,938,939,940,941,950,951,952,953,978,979,980,981,994,995,996,997,1042,1043,1044,1045,1070,1071,1072,1079,1080,1081,1109,1110,1111,1112,1113,1114,1124,1125,1126,1157,1158,1159,1169,1170,1171,1240,1241,1242,1252,1253,1254,1264,1265,1266]	1	[1339]
7958	3	1	0.1719112100545317	118	[5,6,7,70,71,72,73,74,75,76,157,158,159,160,161,162,168,169,170,171,172,314,315,316,317,318,329,330,331,332,333,349,350,351,352,353,746,747,748,749,750,751,752,753,806,807,808,809,842,843,844,845,858,859,860,861,878,879,880,881,890,891,892,893,934,935,936,937,938,939,940,941,950,951,952,953,978,979,980,981,994,995,996,997,1042,1043,1044,1045,1070,1071,1072,1079,1080,1081,1109,1110,1111,1112,1113,1114,1124,1125,1126,1157,1158,1159,1169,1170,1171,1240,1241,1242,1252,1253,1254,1264,1265,1266]	1	[1309]
7959	3	1	0.17433320707641542	118	[5,6,7,70,71,72,73,74,75,76,157,158,159,160,161,162,168,169,170,171,172,314,315,316,317,318,329,330,331,332,333,349,350,351,352,353,746,747,748,749,750,751,752,753,806,807,808,809,842,843,844,845,858,859,860,861,878,879,880,881,890,891,892,893,934,935,936,937,938,939,940,941,950,951,952,953,978,979,980,981,994,995,996,997,1042,1043,1044,1045,1070,1071,1072,1079,1080,1081,1109,1110,1111,1112,1113,1114,1124,1125,1126,1157,1158,1159,1169,1170,1171,1240,1241,1242,1252,1253,1254,1264,1265,1266]	1	[1340]
7960	3	1	0.17127432697452605	118	[5,6,7,70,71,72,73,74,75,76,157,158,159,160,161,162,168,169,170,171,172,314,315,316,317,318,329,330,331,332,333,349,350,351,352,353,746,747,748,749,750,751,752,753,806,807,808,809,842,843,844,845,858,859,860,861,878,879,880,881,890,891,892,893,934,935,936,937,938,939,940,941,950,951,952,953,978,979,980,981,994,995,996,997,1042,1043,1044,1045,1070,1071,1072,1079,1080,1081,1109,1110,1111,1112,1113,1114,1124,1125,1126,1157,1158,1159,1169,1170,1171,1240,1241,1242,1252,1253,1254,1264,1265,1266]	1	[1290]
7961	3	1	0.1719786369940266	118	[5,6,7,70,71,72,73,74,75,76,157,158,159,160,161,162,168,169,170,171,172,314,315,316,317,318,329,330,331,332,333,349,350,351,352,353,746,747,748,749,750,751,752,753,806,807,808,809,842,843,844,845,858,859,860,861,878,879,880,881,890,891,892,893,934,935,936,937,938,939,940,941,950,951,952,953,978,979,980,981,994,995,996,997,1042,1043,1044,1045,1070,1071,1072,1079,1080,1081,1109,1110,1111,1112,1113,1114,1124,1125,1126,1157,1158,1159,1169,1170,1171,1240,1241,1242,1252,1253,1254,1264,1265,1266]	1	[1295]
7962	3	1	0.17174890195019543	118	[5,6,7,70,71,72,73,74,75,76,157,158,159,160,161,162,168,169,170,171,172,314,315,316,317,318,329,330,331,332,333,349,350,351,352,353,746,747,748,749,750,751,752,753,806,807,808,809,842,843,844,845,858,859,860,861,878,879,880,881,890,891,892,893,934,935,936,937,938,939,940,941,950,951,952,953,978,979,980,981,994,995,996,997,1042,1043,1044,1045,1070,1071,1072,1079,1080,1081,1109,1110,1111,1112,1113,1114,1124,1125,1126,1157,1158,1159,1169,1170,1171,1240,1241,1242,1252,1253,1254,1264,1265,1266]	1	[1341]
7963	3	1	0.17158884892705828	118	[5,6,7,70,71,72,73,74,75,76,157,158,159,160,161,162,168,169,170,171,172,314,315,316,317,318,329,330,331,332,333,349,350,351,352,353,746,747,748,749,750,751,752,753,806,807,808,809,842,843,844,845,858,859,860,861,878,879,880,881,890,891,892,893,934,935,936,937,938,939,940,941,950,951,952,953,978,979,980,981,994,995,996,997,1042,1043,1044,1045,1070,1071,1072,1079,1080,1081,1109,1110,1111,1112,1113,1114,1124,1125,1126,1157,1158,1159,1169,1170,1171,1240,1241,1242,1252,1253,1254,1264,1265,1266]	1	[1342]
7964	3	1	0.17210402095224708	118	[5,6,7,70,71,72,73,74,75,76,157,158,159,160,161,162,168,169,170,171,172,314,315,316,317,318,329,330,331,332,333,349,350,351,352,353,746,747,748,749,750,751,752,753,806,807,808,809,842,843,844,845,858,859,860,861,878,879,880,881,890,891,892,893,934,935,936,937,938,939,940,941,950,951,952,953,978,979,980,981,994,995,996,997,1042,1043,1044,1045,1070,1071,1072,1079,1080,1081,1109,1110,1111,1112,1113,1114,1124,1125,1126,1157,1158,1159,1169,1170,1171,1240,1241,1242,1252,1253,1254,1264,1265,1266]	1	[1326]
7965	3	1	0.12924906890839338	118	[5,6,7,70,71,72,73,74,75,76,157,158,159,160,161,162,168,169,170,171,172,314,315,316,317,318,329,330,331,332,333,349,350,351,352,353,746,747,748,749,750,751,752,753,806,807,808,809,842,843,844,845,858,859,860,861,878,879,880,881,890,891,892,893,934,935,936,937,938,939,940,941,950,951,952,953,978,979,980,981,994,995,996,997,1042,1043,1044,1045,1070,1071,1072,1079,1080,1081,1109,1110,1111,1112,1113,1114,1124,1125,1126,1157,1158,1159,1169,1170,1171,1240,1241,1242,1252,1253,1254,1264,1265,1266]	1	[1284]
7966	3	1	0.12562896602321416	118	[5,6,7,70,71,72,73,74,75,76,157,158,159,160,161,162,168,169,170,171,172,314,315,316,317,318,329,330,331,332,333,349,350,351,352,353,746,747,748,749,750,751,752,753,806,807,808,809,842,843,844,845,858,859,860,861,878,879,880,881,890,891,892,893,934,935,936,937,938,939,940,941,950,951,952,953,978,979,980,981,994,995,996,997,1042,1043,1044,1045,1070,1071,1072,1079,1080,1081,1109,1110,1111,1112,1113,1114,1124,1125,1126,1157,1158,1159,1169,1170,1171,1240,1241,1242,1252,1253,1254,1264,1265,1266]	1	[1343]
7967	3	1	0.12546509609092027	118	[5,6,7,70,71,72,73,74,75,76,157,158,159,160,161,162,168,169,170,171,172,314,315,316,317,318,329,330,331,332,333,349,350,351,352,353,746,747,748,749,750,751,752,753,806,807,808,809,842,843,844,845,858,859,860,861,878,879,880,881,890,891,892,893,934,935,936,937,938,939,940,941,950,951,952,953,978,979,980,981,994,995,996,997,1042,1043,1044,1045,1070,1071,1072,1079,1080,1081,1109,1110,1111,1112,1113,1114,1124,1125,1126,1157,1158,1159,1169,1170,1171,1240,1241,1242,1252,1253,1254,1264,1265,1266]	1	[1344]
7968	3	1	0.12700257799588144	118	[5,6,7,70,71,72,73,74,75,76,157,158,159,160,161,162,168,169,170,171,172,314,315,316,317,318,329,330,331,332,333,349,350,351,352,353,746,747,748,749,750,751,752,753,806,807,808,809,842,843,844,845,858,859,860,861,878,879,880,881,890,891,892,893,934,935,936,937,938,939,940,941,950,951,952,953,978,979,980,981,994,995,996,997,1042,1043,1044,1045,1070,1071,1072,1079,1080,1081,1109,1110,1111,1112,1113,1114,1124,1125,1126,1157,1158,1159,1169,1170,1171,1240,1241,1242,1252,1253,1254,1264,1265,1266]	1	[1345]
7969	3	1	0.1314659419003874	118	[5,6,7,70,71,72,73,74,75,76,157,158,159,160,161,162,168,169,170,171,172,314,315,316,317,318,329,330,331,332,333,349,350,351,352,353,746,747,748,749,750,751,752,753,806,807,808,809,842,843,844,845,858,859,860,861,878,879,880,881,890,891,892,893,934,935,936,937,938,939,940,941,950,951,952,953,978,979,980,981,994,995,996,997,1042,1043,1044,1045,1070,1071,1072,1079,1080,1081,1109,1110,1111,1112,1113,1114,1124,1125,1126,1157,1158,1159,1169,1170,1171,1240,1241,1242,1252,1253,1254,1264,1265,1266]	1	[1346]
7970	3	1	0.12904402404092252	118	[5,6,7,70,71,72,73,74,75,76,157,158,159,160,161,162,168,169,170,171,172,314,315,316,317,318,329,330,331,332,333,349,350,351,352,353,746,747,748,749,750,751,752,753,806,807,808,809,842,843,844,845,858,859,860,861,878,879,880,881,890,891,892,893,934,935,936,937,938,939,940,941,950,951,952,953,978,979,980,981,994,995,996,997,1042,1043,1044,1045,1070,1071,1072,1079,1080,1081,1109,1110,1111,1112,1113,1114,1124,1125,1126,1157,1158,1159,1169,1170,1171,1240,1241,1242,1252,1253,1254,1264,1265,1266]	1	[1330]
7971	3	1	0.12624123389832675	118	[5,6,7,70,71,72,73,74,75,76,157,158,159,160,161,162,168,169,170,171,172,314,315,316,317,318,329,330,331,332,333,349,350,351,352,353,746,747,748,749,750,751,752,753,806,807,808,809,842,843,844,845,858,859,860,861,878,879,880,881,890,891,892,893,934,935,936,937,938,939,940,941,950,951,952,953,978,979,980,981,994,995,996,997,1042,1043,1044,1045,1070,1071,1072,1079,1080,1081,1109,1110,1111,1112,1113,1114,1124,1125,1126,1157,1158,1159,1169,1170,1171,1240,1241,1242,1252,1253,1254,1264,1265,1266]	1	[1347]
7972	3	1	0.12756106699816883	118	[5,6,7,70,71,72,73,74,75,76,157,158,159,160,161,162,168,169,170,171,172,314,315,316,317,318,329,330,331,332,333,349,350,351,352,353,746,747,748,749,750,751,752,753,806,807,808,809,842,843,844,845,858,859,860,861,878,879,880,881,890,891,892,893,934,935,936,937,938,939,940,941,950,951,952,953,978,979,980,981,994,995,996,997,1042,1043,1044,1045,1070,1071,1072,1079,1080,1081,1109,1110,1111,1112,1113,1114,1124,1125,1126,1157,1158,1159,1169,1170,1171,1240,1241,1242,1252,1253,1254,1264,1265,1266]	1	[1348]
7973	3	1	0.12945663498248905	118	[5,6,7,70,71,72,73,74,75,76,157,158,159,160,161,162,168,169,170,171,172,314,315,316,317,318,329,330,331,332,333,349,350,351,352,353,746,747,748,749,750,751,752,753,806,807,808,809,842,843,844,845,858,859,860,861,878,879,880,881,890,891,892,893,934,935,936,937,938,939,940,941,950,951,952,953,978,979,980,981,994,995,996,997,1042,1043,1044,1045,1070,1071,1072,1079,1080,1081,1109,1110,1111,1112,1113,1114,1124,1125,1126,1157,1158,1159,1169,1170,1171,1240,1241,1242,1252,1253,1254,1264,1265,1266]	1	[1349]
7974	3	1	0.13284776906948537	118	[5,6,7,70,71,72,73,74,75,76,157,158,159,160,161,162,168,169,170,171,172,314,315,316,317,318,329,330,331,332,333,349,350,351,352,353,746,747,748,749,750,751,752,753,806,807,808,809,842,843,844,845,858,859,860,861,878,879,880,881,890,891,892,893,934,935,936,937,938,939,940,941,950,951,952,953,978,979,980,981,994,995,996,997,1042,1043,1044,1045,1070,1071,1072,1079,1080,1081,1109,1110,1111,1112,1113,1114,1124,1125,1126,1157,1158,1159,1169,1170,1171,1240,1241,1242,1252,1253,1254,1264,1265,1266]	1	[1334]
7975	4	1	0.0008493569912388921	30	[16,96,196,198,415,418,422,1284,1290,1295,1307,1309,1320,1326,1330,1334,1336,1337,1338,1339,1340,1341,1342,1343,1344,1345,1346,1347,1348,1349]	1	[1350]

#<data_id> <data_size> <read_time_avg> <write_time_avg> <is_static> <n_source_devices> [<device_id>...]
1	1662	0.164499628999954	None	1	1	[denethor_bucket]
2	339	0.18074646419993315	0.05432573319999392	0	0	[denethor_bucket]
5	185	0.11305015166662678	0.060142090600004396	0	0	[denethor_bucket]
6	185	0.12373161433334676	0.05511373700009017	0	0	[denethor_bucket]
7	339	0.11986179900002022	0.056847496400064305	0	0	[denethor_bucket]
16	185	0.19287311879993468	0.1722033360001433	0	0	[denethor_bucket]
29	3224	0.07836189079995393	None	1	1	[denethor_bucket]
30	575	0.06211823219988446	0.04772067560001005	0	0	[denethor_bucket]
70	187	0.11651430133339104	0.046840686799976085	0	0	[denethor_bucket]
71	243	0.11978390766667714	0.04880834639988052	0	0	[denethor_bucket]
72	299	0.1205541736666382	0.05140113279994694	0	0	[denethor_bucket]
73	187	0.11904773333334151	0.0512951754000369	0	0	[denethor_bucket]
74	183	0.11972743600003782	0.048907448400075285	0	0	[denethor_bucket]
75	415	0.11976365000001932	0.047883816799947	0	0	[denethor_bucket]
76	575	0.11535572733326221	0.05675003740002467	0	0	[denethor_bucket]
96	355	0.06601053219999357	0.10715614199998527	0	0	[denethor_bucket]
126	4105	0.0635825057999341	None	1	1	[denethor_bucket]
127	515	0.06426435300004414	0.05144356260001359	0	0	[denethor_bucket]
130	4851	0.06724839999999403	None	1	1	[denethor_bucket]
131	465	0.06253717500014773	0.04582804780005745	0	0	[denethor_bucket]
157	185	0.125308753666635	0.05092528880015834	0	0	[denethor_bucket]
158	249	0.11300602566663523	0.05042839679997542	0	0	[denethor_bucket]
159	305	0.11979987633328387	0.050742704200013124	0	0	[denethor_bucket]
160	363	0.1130906456667349	0.05025479700000233	0	0	[denethor_bucket]
161	183	0.12147151699999416	0.05031280619992913	0	0	[denethor_bucket]
162	515	0.12473624966668276	0.05316436799982967	0	0	[denethor_bucket]
168	187	0.11986692500000583	0.048786794999921314	0	0	[denethor_bucket]
169	243	0.1131501519999746	0.049845386599986344	0	0	[denethor_bucket]
170	187	0.11300264933341496	0.05275014020011213	0	0	[denethor_bucket]
171	245	0.12843733866666665	0.05432057060003217	0	0	[denethor_bucket]
172	465	0.1195794173333125	0.04905715780008677	0	0	[denethor_bucket]
196	314	0.07431701120003709	0.10041184559997873	0	0	[denethor_bucket]
198	273	0.06579444839993584	0.09803499879999436	0	0	[denethor_bucket]
224	4347	0.06387864239995907	None	1	1	[denethor_bucket]
225	463	0.060222690800037525	0.04835425360001864	0	0	[denethor_bucket]
230	3872	0.05821949059998133	None	1	1	[denethor_bucket]
231	451	0.06110289180012387	0.047328820000007	0	0	[denethor_bucket]
238	3551	0.06186895780003852	None	1	1	[denethor_bucket]
239	469	0.07143562319990907	0.04914521680003645	0	0	[denethor_bucket]
314	185	0.12645242466668571	0.054134574400006845	0	0	[denethor_bucket]
315	185	0.13316304400001397	0.0472027589999243	0	0	[denethor_bucket]
316	187	0.11309974199994587	0.05234517120011333	0	0	[denethor_bucket]
317	301	0.12634407533329284	0.052768489799973395	0	0	[denethor_bucket]
318	463	0.11303863733331838	0.05150549519995593	0	0	[denethor_bucket]
329	183	0.11904686166668409	0.049881820800010246	0	0	[denethor_bucket]
330	241	0.11619014966670192	0.04695446740010994	0	0	[denethor_bucket]
331	185	0.11313803933333609	0.053035926199981986	0	0	[denethor_bucket]
332	241	0.12652853033338798	0.04985382799999343	0	0	[denethor_bucket]
333	451	0.11303972433339009	0.04620144339991157	0	0	[denethor_bucket]
349	187	0.10991646666676029	0.05037910379983259	0	0	[denethor_bucket]
350	193	0.1189200813333377	0.04760506000001215	0	0	[denethor_bucket]
351	183	0.11314453866669787	0.05276807600004076	0	0	[denethor_bucket]
352	257	0.11321634099997889	0.05218366400002879	0	0	[denethor_bucket]
353	469	0.11969325466670486	0.04843730359981464	0	0	[denethor_bucket]
415	273	0.07782053780005072	0.09846087899998111	0	0	[denethor_bucket]
418	273	0.07440413220001574	0.09601794019990849	0	0	[denethor_bucket]
422	273	0.07148288700000194	0.09977343819989529	0	0	[denethor_bucket]
440	4130	0.06388326140006484	None	1	1	[denethor_bucket]
441	407	0.06053791919999867	0.04844959080003264	0	0	[denethor_bucket]
442	2844	0.06758801920000224	None	1	1	[denethor_bucket]
443	407	0.05944292600005383	0.048645653400001265	0	0	[denethor_bucket]
470	4670	0.059684712199930344	None	1	1	[denethor_bucket]
471	413	0.059395466999978906	0.04590556860000561	0	0	[denethor_bucket]
488	4103	0.058260134399995424	None	1	1	[denethor_bucket]
489	403	0.06027737559998059	0.05046200159990804	0	0	[denethor_bucket]
496	3429	0.05735879920003981	None	1	1	[denethor_bucket]
497	397	0.06881779740001548	0.04506315519998907	0	0	[denethor_bucket]
506	3669	0.06848212219996412	None	1	1	[denethor_bucket]
507	407	0.061471147199915775	0.04824377779995075	0	0	[denethor_bucket]
512	2932	0.06375676520000298	None	1	1	[denethor_bucket]
513	405	0.06828476380001121	0.045505003600078454	0	0	[denethor_bucket]
534	3618	0.05784114299995054	None	1	1	[denethor_bucket]
535	405	0.060537243400187894	0.048137983399919905	0	0	[denethor_bucket]
536	4803	0.06092241179995881	None	1	1	[denethor_bucket]
537	405	0.06277709820010387	0.049010295200025665	0	0	[denethor_bucket]
542	3431	0.05984658000002128	None	1	1	[denethor_bucket]
543	399	0.05904302440012543	0.05045103319995405	0	0	[denethor_bucket]
556	4282	0.06372841120000886	None	1	1	[denethor_bucket]
557	405	0.06911488180003289	0.04718751320002639	0	0	[denethor_bucket]
564	3541	0.059878051399971356	None	1	1	[denethor_bucket]
565	405	0.06603650719995358	0.0452106967999498	0	0	[denethor_bucket]
588	3292	0.06144041360004167	None	1	1	[denethor_bucket]
589	407	0.059297897599958564	0.04733149800000547	0	0	[denethor_bucket]
602	3650	0.05688721220004709	None	1	1	[denethor_bucket]
603	357	0.06221094880002056	0.047187374400073166	0	0	[denethor_bucket]
608	3952	0.05963973460000034	None	1	1	[denethor_bucket]
609	357	0.06071927020008161	0.04931343939998669	0	0	[denethor_bucket]
628	4930	0.057666640399997963	None	1	1	[denethor_bucket]
629	349	0.058409120999942846	0.04766314540004259	0	0	[denethor_bucket]
630	2526	0.056527781000022516	None	1	1	[denethor_bucket]
631	349	0.06902301039997383	0.052328426799965654	0	0	[denethor_bucket]
638	3846	0.05773389139998244	None	1	1	[denethor_bucket]
639	347	0.05695657300004769	0.05153986160000841	0	0	[denethor_bucket]
660	3992	0.05620751079997035	None	1	1	[denethor_bucket]
661	355	0.06360124080002834	0.04607577419997142	0	0	[denethor_bucket]
668	3744	0.055145808999975544	None	1	1	[denethor_bucket]
669	347	0.06599370279994901	0.04976811080007337	0	0	[denethor_bucket]
716	5868	0.05533435519998875	None	1	1	[denethor_bucket]
717	347	0.05720726740005375	0.04412895699997534	0	0	[denethor_bucket]
724	5994	0.06273297719997117	None	1	1	[denethor_bucket]
725	355	0.05904581960012365	0.049747326399938174	0	0	[denethor_bucket]
732	3692	0.05856791140006408	None	1	1	[denethor_bucket]
733	347	0.055829041800075176	0.0531756350000137	0	0	[denethor_bucket]
746	187	0.11972616566665277	0.052153757999838034	0	0	[denethor_bucket]
747	185	0.1108658863333477	0.05018055619999586	0	0	[denethor_bucket]
748	249	0.115411595333342	0.0507686345999673	0	0	[denethor_bucket]
749	407	0.11312682799993486	0.0481125827999449	0	0	[denethor_bucket]
750	187	0.12637549666668713	0.049686589799875946	0	0	[denethor_bucket]
751	185	0.11985777233332796	0.04803503440007262	0	0	[denethor_bucket]
752	245	0.11302427466667558	0.052350078600056804	0	0	[denethor_bucket]
753	407	0.11986977899993176	0.05314100440002676	0	0	[denethor_bucket]
806	193	0.12647259233330044	0.05593232199997829	0	0	[denethor_bucket]
807	187	0.1174649843333193	0.04839790799991306	0	0	[denethor_bucket]
808	257	0.11540074466665828	0.055140756200000855	0	0	[denethor_bucket]
809	413	0.11979840366669267	0.047848289799947	0	0	[denethor_bucket]
842	185	0.11316075099999044	0.04899216279990242	0	0	[denethor_bucket]
843	185	0.11980063133327708	0.050672883999880014	0	0	[denethor_bucket]
844	241	0.11311009499999632	0.051583487800076	0	0	[denethor_bucket]
845	403	0.11303367133327437	0.05160130440002604	0	0	[denethor_bucket]
858	185	0.11969396566668891	0.05015864339979999	0	0	[denethor_bucket]
859	185	0.11292925566667135	0.046170430400093214	0	0	[denethor_bucket]
860	243	0.10990079433333677	0.052492753999877094	0	0	[denethor_bucket]
861	397	0.11665271566673124	0.050158259199906755	0	0	[denethor_bucket]
878	185	0.10826645766662524	0.050254972199957136	0	0	[denethor_bucket]
879	187	0.11287720066664543	0.049850472399884896	0	0	[denethor_bucket]
880	245	0.3583643819999998	0.04841215760003479	0	0	[denethor_bucket]
881	407	0.11301623799997147	0.05323361319991591	0	0	[denethor_bucket]
890	185	0.11540729233330647	0.0505768538000325	0	0	[denethor_bucket]
891	249	0.12414658299999795	0.04851026419991058	0	0	[denethor_bucket]
892	187	0.11315339033333792	0.05397440799991955	0	0	[denethor_bucket]
893	405	0.10645099799995673	0.047189113400008864	0	0	[denethor_bucket]
934	185	0.10649184600003532	0.048860119200026024	0	0	[denethor_bucket]
935	187	0.1304139669999716	0.048935413399874506	0	0	[denethor_bucket]
936	243	0.10243459833337473	0.046268802199995206	0	0	[denethor_bucket]
937	405	0.11317165866666794	0.049844328200038035	0	0	[denethor_bucket]
938	185	0.12362496599999419	0.1238943756001845	0	0	[denethor_bucket]
939	185	0.11592033266672294	0.04592897920003907	0	0	[denethor_bucket]
940	243	0.11972267666668786	0.0493739864000986	0	0	[denethor_bucket]
941	405	0.13986663788894296	0.04990324419982244	0	0	[denethor_bucket]
950	185	0.11315413600000099	0.0511699608001436	0	0	[denethor_bucket]
951	187	0.12652786999995655	0.0468315389999475	0	0	[denethor_bucket]
952	245	0.12462419000002037	0.04814401060008322	0	0	[denethor_bucket]
953	399	0.12150808166663286	0.050399134400095136	0	0	[denethor_bucket]
978	185	0.11979313466667935	0.04740655940000806	0	0	[denethor_bucket]
979	187	0.11977605866671574	0.050240834200110385	0	0	[denethor_bucket]
980	249	0.126828907333333	0.047320290200082125	0	0	[denethor_bucket]
981	405	0.12610709566668293	0.055199157999982165	0	0	[denethor_bucket]
994	185	0.12412117166668192	0.04912998320000952	0	0	[denethor_bucket]
995	185	0.1154298083333693	0.046684633000063515	0	0	[denethor_bucket]
996	249	0.11982182433339969	0.0504053483999769	0	0	[denethor_bucket]
997	405	0.11319270933339444	0.052303155800007065	0	0	[denethor_bucket]
1042	185	0.11976508800002225	0.04947937540008525	0	0	[denethor_bucket]
1043	249	0.12643587233330772	0.04820085959989911	0	0	[denethor_bucket]
1044	187	0.12656014066663154	0.04901347940008236	0	0	[denethor_bucket]
1045	407	0.10648082066665661	0.04902576999994608	0	0	[denethor_bucket]
1070	193	0.12649045899999112	0.04896708879986136	0	0	[denethor_bucket]
1071	187	0.11971468900001495	0.04642242959995429	0	0	[denethor_bucket]
1072	357	0.11977530433339217	0.04658414740005128	0	0	[denethor_bucket]
1079	193	0.11300443366668861	0.0476929887999404	0	0	[denethor_bucket]
1080	193	0.12638760966667908	0.04603069279994543	0	0	[denethor_bucket]
1081	357	0.12641871800000593	0.04778593780001757	0	0	[denethor_bucket]
1109	185	0.1197125470000206	0.05853457299982665	0	0	[denethor_bucket]
1110	193	0.11318545466666323	0.050281529599965326	0	0	[denethor_bucket]
1111	349	0.11373322966673038	0.04629527220009777	0	0	[denethor_bucket]
1112	185	0.1252608153333009	0.047493684600055985	0	0	[denethor_bucket]
1113	187	0.10696729633334189	0.04817824219993554	0	0	[denethor_bucket]
1114	349	0.1264510379999992	0.04592022480005653	0	0	[denethor_bucket]
1124	193	0.1198530910000151	0.05007277180001211	0	0	[denethor_bucket]
1125	249	0.35983614533335634	0.047498891199961694	0	0	[denethor_bucket]
1126	347	0.1230303080000352	0.04858491540005616	0	0	[denethor_bucket]
1157	193	0.12653110799995684	0.05007012139997187	0	0	[denethor_bucket]
1158	193	0.11312530200004764	0.04727386860004117	0	0	[denethor_bucket]
1159	355	0.11972938799998674	0.0477971907998608	0	0	[denethor_bucket]
1169	185	0.1163256633333562	0.04653262920007819	0	0	[denethor_bucket]
1170	185	0.10990364399997589	0.045682008800065434	0	0	[denethor_bucket]
1171	347	0.119811182999958	0.04890419939991943	0	0	[denethor_bucket]
1240	193	0.11315918466669442	0.051372584800049026	0	0	[denethor_bucket]
1241	185	0.11864117399997524	0.05107252099996913	0	0	[denethor_bucket]
1242	347	0.12105096066673612	0.0482947364000097	0	0	[denethor_bucket]
1252	193	0.1161955916666483	0.048388553400127425	0	0	[denethor_bucket]
1253	185	0.12354287033335681	0.04984899940008063	0	0	[denethor_bucket]
1254	355	0.1289468413333404	0.04938996080009019	0	0	[denethor_bucket]
1264	185	0.1130789363333044	0.04778812379997817	0	0	[denethor_bucket]
1265	249	0.12643085866664233	0.04500164740010178	0	0	[denethor_bucket]
1266	347	0.11315129766664715	0.04682853400000795	0	0	[denethor_bucket]
1284	194	0.07408494659998724	0.10055468059999839	0	0	[denethor_bucket]
1290	236	0.06463746179990722	0.09660893700008728	0	0	[denethor_bucket]
1295	236	0.06572158239989676	0.09876237520006725	0	0	[denethor_bucket]
1307	232	0.06590996680002945	0.11485718099984298	0	0	[denethor_bucket]
1309	232	0.07296007500009409	0.10165344659988022	0	0	[denethor_bucket]
1320	232	0.0720953679999866	0.10659160280004017	0	0	[denethor_bucket]
1326	236	0.07197019859991087	0.09858501919995888	0	0	[denethor_bucket]
1330	194	0.06562075739989268	0.09595730319990707	0	0	[denethor_bucket]
1334	194	0.06807779499996514	0.10494066960011424	0	0	[denethor_bucket]
1336	232	0.07095820379989846	0.10091454179980701	0	0	[denethor_bucket]
1337	232	0.06768539880004028	0.09810476020004444	0	0	[denethor_bucket]
1338	232	0.06739220420002993	0.0982958069999313	0	0	[denethor_bucket]
1339	232	0.07372050720000516	0.10276352679998127	0	0	[denethor_bucket]
1340	236	0.06580152139995335	0.10909250160011652	0	0	[denethor_bucket]
1341	236	0.0754909947999181	0.10293736280002577	0	0	[denethor_bucket]
1342	236	0.06708529779994024	0.10429941300010341	0	0	[denethor_bucket]
1343	194	0.06917445799999769	0.09911040260001301	0	0	[denethor_bucket]
1344	194	0.07023260359993629	0.0988937101999909	0	0	[denethor_bucket]
1345	194	0.061368976000039765	0.09794413079996503	0	0	[denethor_bucket]
1346	194	0.07168253579992552	0.10277739959990413	0	0	[denethor_bucket]
1347	194	0.07886366560009038	0.09455576700004258	0	0	[denethor_bucket]
1348	194	0.06692448220006782	0.10094998319987099	0	0	[denethor_bucket]
1349	194	0.06431180700005826	0.0997925282000324	0	0	[denethor_bucket]
1350	6026	None	0.07246330819997411	0	0	[denethor_bucket]

#<vm1_cpu_slowdown> <vm2_cpu_slowdown> ... <vm10_cpu_slowdown>
1.00	1.00	0.50

#<vm1_storage> <vm2 _storage> <vm3_storage>
8192	8192	8192

#<vm1_cost> <vm2_cost> <vm3_cost>
0.0000051670	0.0000103330	0.0000186671

#<vm_id> <bandwidth>
1	1250
2	1250
3	5000

#<task_id> <activity_id> <conf_id> <task_cost> <task_time_duration> <task_time_init> <task_time_cpu> <task_time_read> <task_time_write> <task_count>
1	1	1	0.00000196044102	0.84501	0.87136	0.41377781800002617	0.3441447490000087	0.08708743299996513	1
1	1	2	0.00000215787892	0.46989	0.9188500000000001	0.23825497000022064	0.17635046999976112	0.055284560000018246	1
1	1	3	0.00000301025562	0.33723000000000003	0.8685499999999999	0.15713060999999062	0.13106429699996625	0.04903509300004316	1
1	1	4	0.00000436334166	0.24980000000000002	0.82655	0.13290014099999992	0.07690626900000552	0.03999358999999458	1
1	1	5	0.00000885435064	0.25963	0.81956	0.12536965000002318	0.09403236000002835	0.04022798999994848	1
9	2	1	0.0000018351491	0.7848700000000001	0.90276	0.10530756800010216	0.4020950469999889	0.277467384999909	1
9	2	2	0.00000225808745	0.49394	0.9321200000000001	0.10512958799943357	0.21200971199959895	0.17680070000096748	1
9	2	3	0.00000331933957	0.37432	0.7248300000000001	0.10512438900001354	0.11899625000000924	0.15019936099997722	1
9	2	4	0.00000580817788	0.33649	0.7967500000000001	0.10546600399991007	0.08441239900002984	0.1466115970000601	1
9	2	5	0.00001023602007	0.30108	0.81765	0.10542351000008063	0.08621891300003881	0.10943757699988055	1
28	1	1	0.00000195358684	0.84172	0.0	0.6750113570000074	0.10038593799998807	0.06632270500000459	1
28	1	2	0.00000219021231	0.47764999999999996	0.0	0.3843684310001721	0.05044801899975937	0.0428335500000685	1
28	1	3	0.00000378975718	0.43077	0.0	0.24225457400001915	0.14200006800001574	0.04651535799996509	1
28	1	4	0.00000447717522	0.25663	0.0	0.172686565999952	0.038077749000080985	0.045865684999967016	1
28	1	5	0.00000882235058	0.25867	0.0	0.16070624000002948	0.06089767999992546	0.037066080000045076	1
38	2	1	0.00000188144086	0.8070900000000001	0.0	0.10578964200008784	0.11718952100000024	0.584110836999912	1
38	2	2	0.00000240625441	0.5295	0.0	0.12144957600084308	0.06358200299928285	0.34446842099987407	1
38	2	3	0.00000386434066	0.43972000000000006	0.0	0.10488209200011647	0.04270005400002219	0.29213785399986136	1
38	2	4	0.0000076828483	0.44897000000000004	0.0	0.10532129400004647	0.039830064000057064	0.3038186419998965	1
38	2	5	0.00001311535916	0.38745999999999997	0.0	0.105273015000047	0.047289519000059954	0.23489746599989303	1
734	1	1	0.00000138606487	0.56931	0.0	0.41980029300000704	0.08770450299999766	0.06180520399999523	1
734	1	2	0.00000172808639	0.36674	0.0	0.26403074900014895	0.0572477309997339	0.04546152000011716	1
734	1	3	0.00000264017155	0.29282	0.0	0.1785502950000303	0.06661218499993993	0.04765752000002976	1
734	1	4	0.00000379167385	0.2155	0.0	0.13770965100000285	0.03999197999996795	0.0377983690000292	1
734	1	5	0.00000901968431	0.26459	0.0	0.1337386700000723	0.06635613000003104	0.06449519999989661	1
736	1	1	0.00000189452422	0.81337	0.0	0.6598712220000859	0.09266400499996053	0.06083477299995366	1
736	1	2	0.00000226937914	0.49665	0.0	0.3898575199995779	0.06622207000009439	0.040570410000327684	1
736	1	3	0.00000317833929	0.3574	0.0	0.24502995800004773	0.06178253699999914	0.050587504999953126	1
736	1	4	0.00000469334232	0.2696	0.0	0.16355281000008712	0.06518344899996009	0.040863740999952824	1
736	1	5	0.00000828834951	0.24265	0.0	0.15597625099994403	0.05038993899995603	0.03628381000009995	1
754	2	1	0.0000017687948	0.75302	0.0	0.1254499069999688	0.11243657300008181	0.5151335199999494	1
754	2	2	0.00000215117057	0.46828	0.0	0.10528005100054111	0.06435340999996697	0.2986465389994919	1
754	2	3	0.00000355167337	0.4022	0.0	0.10439874199995046	0.05592366400003357	0.24187759400001596	1
754	2	4	0.00000713368053	0.41602	0.0	0.10472715299999573	0.048949383000035596	0.26234346399996866	1
754	2	5	0.00001207102374	0.35613	0.0	0.10533057699978315	0.03965873500010275	0.2111406880001141	1
756	2	1	0.00000153798184	0.6422300000000001	0.0	0.1154970859998507	0.12070643000004111	0.4060264840001082	1
756	2	2	0.00000202375365	0.4377	0.0	0.12134405299871577	0.05341706500075816	0.26293888200052606	1
756	2	3	0.00000311733917	0.35008	0.0	0.10421249500002165	0.039919993000012255	0.20594751199996608	1
756	2	4	0.00000661734617	0.38504000000000005	0.0	0.10470271100006909	0.05972032399995442	0.22061696499997652	1
756	2	5	0.00001092902146	0.32187	0.0	0.10467752899991058	0.038922062999972695	0.17827040800011673	1
812	1	1	0.00000228869168	1.00257	0.0	0.8040396039999763	0.11725247399999716	0.08127792200002659	1
812	1	2	0.00000246171286	0.5428099999999999	0.0	0.4583655100001038	0.04226960999994844	0.042174879999947734	1
812	1	3	0.00000333575627	0.37629	0.0	0.28734647200004115	0.04726068899992697	0.04168283900003189	1
812	1	4	0.00000490484274	0.28229000000000004	0.0	0.19490952399997882	0.05032617799997752	0.03705429800004367	1
812	1	5	0.00000941835177	0.27655	0.0	0.1746844100000115	0.06228426099994522	0.0395813290000433	1
815	1	1	0.00000182085741	0.77801	0.0	0.6210961809999896	0.09760217699999885	0.05931164200001149	1
815	1	2	0.00000221037902	0.48249000000000003	0.0	0.3774617000000419	0.05088996999984374	0.054138330000114365	1
815	1	3	0.00000295750551	0.33089999999999997	0.0	0.2378134759999997	0.05166866700005812	0.04141785699994216	1
815	1	4	0.0000043490083	0.24894	0.0	0.16869460899993777	0.0393789500000139	0.040866441000048326	1
815	1	5	0.00000837334968	0.2452	0.0	0.15273248100008932	0.051557688999992024	0.04090982999991866	1
819	1	1	0.00000162344035	0.68325	0.0	0.5031118319999582	0.09343067600002541	0.08670749200001637	1
819	1	2	0.00000185587831	0.39741000000000004	0.0	0.2949562899998093	0.05969868000011047	0.042755030000080296	1
819	1	3	0.00000270625501	0.30075	0.0	0.20168807200003086	0.05365434199995889	0.04540758600001027	1
819	1	4	0.00000418317463	0.23899	0.0	0.15029524299990157	0.054358681000053366	0.03433607600004507	1
819	1	5	0.00000769601499	0.22488	0.0	0.1401576899999253	0.04820241000004444	0.03651990000003025	1
862	2	1	0.00000150583594	0.6267999999999999	0.0	0.10505601700003513	0.1051216740000882	0.4166223089998766	1
862	2	2	0.00000197796189	0.42671	0.0	0.10515671599959836	0.0488881510000283	0.2726651330003733	1
862	2	3	0.00000313683921	0.35242	0.0	0.10412272699995169	0.04788596100001996	0.20041131200002837	1
862	2	4	0.00000675767978	0.39346	0.0	0.10463137500004899	0.05723717800003669	0.2315914469999143	1
862	2	5	0.00001071268769	0.31538	0.0	0.10490726300030917	0.04198049000001447	0.16849224699967635	1
865	2	1	0.00000149627343	0.62221	0.0	0.10505533600008221	0.1203963579999936	0.39675830599992423	1
865	2	2	0.0000018996284	0.40791000000000005	0.0	0.10535997099951436	0.05389279200062447	0.2486572369998612	1
865	2	3	0.00000314000588	0.3528	0.0	0.1043486750000946	0.04412060599997858	0.20433071899992683	1
865	2	4	0.00000618667864	0.3592	0.0	0.10463423799991614	0.0469129079999675	0.20765285400011635	1
865	2	5	0.00001077802116	0.31733999999999996	0.0	0.10490989199973758	0.04019179500005521	0.1722383130002072	1
869	2	1	0.00000152969016	0.63825	0.0	0.12587799799999358	0.11542897399999674	0.3969430280000097	1
869	2	2	0.00000213604554	0.46465	0.0	0.10505987700172989	0.116234049999548	0.24335607299872208	1
869	2	3	0.0000031149225	0.34979000000000005	0.0	0.10536944000001955	0.042331463999971675	0.2020890960000088	1
869	2	4	0.00000663617954	0.38617	0.0	0.10471748100008693	0.04669687900002373	0.23475563999988935	1
869	2	5	0.0000109313548	0.32194	0.0	0.10573105099998015	0.03648674900000515	0.1797222000000147	1
1291	1	1	0.00000212314968	0.92311	0.0	0.7641957190000342	0.0964404569999715	0.06247382399999424	1
1291	1	2	0.00000250700461	0.55368	0.0	0.43986950999943986	0.06760150000036447	0.04620899000019563	1
1291	1	3	0.00000331308956	0.37357	0.0	0.2693537320000408	0.057961859999977605	0.046254407999981595	1
1291	1	4	0.00000492484278	0.28349	0.0	0.18756413800005545	0.05371378999996068	0.04221207199998389	1
1291	1	5	0.00000848068323	0.24842	0.0	0.15962263999994222	0.04369870000004994	0.04509866000000784	1
1292	1	1	0.0000010817726	0.42325	0.0	0.2637330300000299	0.09459002599999167	0.06492694399997845	1
1292	1	2	0.00000148125256	0.3075	0.0	0.1898547580000195	0.058035941000071034	0.059609300999909465	1
1292	1	3	0.00000215525391	0.23463	0.0	0.13645165499993517	0.051743067000074916	0.04643527799998992	1
1292	1	4	0.00000404000768	0.23040000000000002	0.0	0.11638848399999498	0.08189549199994417	0.03211602400006086	1
1292	1	5	0.00000726334746	0.2119	0.0	0.12008371000000298	0.051675569999929394	0.04014072000006763	1
1306	1	1	0.0000020499412	0.88797	0.0	0.7395551729999327	0.08741033300003664	0.06100449400003072	1
1306	1	2	0.00000232937926	0.51105	0.0	0.42257669900020556	0.04657437099967865	0.0418989300001158	1
1306	1	3	0.00000341192309	0.38543	0.0	0.2720172470000795	0.06573658299998897	0.04767616999993152	1
1306	1	4	0.00000452817532	0.25969	0.0	0.17586907700003798	0.045436893999976746	0.038384028999985276	1
1306	1	5	0.00000877735049	0.25732	0.0	0.16349040000006454	0.05326537999997072	0.040564219999964735	1
1315	1	1	0.0000013483773	0.55122	0.0	0.4018891330000536	0.0830007809999529	0.06633008599999357	1
1315	1	2	0.00000166937794	0.35264999999999996	0.0	0.24890254100019446	0.04218484000011813	0.0615626189996874	1
1315	1	3	0.00000245900452	0.27108	0.0	0.1690752280000134	0.05630617600002097	0.04569859599996562	1
1315	1	4	0.00000397350755	0.22641	0.0	0.14379924800017685	0.04629958499992881	0.03631116699989434	1
1315	1	5	0.00000782768192	0.22883	0.0	0.12291317000004447	0.06350928999995631	0.042407539999999244	1
1319	1	1	0.0000012663563	0.51185	0.0	0.36204811300003314	0.08529611299996986	0.06450577399999702	1
1319	1	2	0.00000143708581	0.2969	0.0	0.19356824899995842	0.06295545000011771	0.04037630099992384	1
1319	1	3	0.00000226800414	0.24816	0.0	0.15216044899990916	0.05198325800006387	0.04401629300002696	1
1319	1	4	0.00000365217357	0.20713	0.0	0.12380081699995378	0.04805475600005593	0.03527442699999028	1
1319	1	5	0.0000071020138	0.20706	0.0	0.12741260000000107	0.038504418999991685	0.04114298100000724	1
1324	1	1	0.00000146369003	0.60657	0.0	0.4576852239999547	0.08589395300003844	0.06299082300000691	1
1324	1	2	0.0000018164199	0.38794	0.0	0.2597275500005903	0.08759845999975369	0.04061398999965604	1
1324	1	3	0.00000270958835	0.30115	0.0	0.1872673849999204	0.057685179000031894	0.056197436000047674	1
1324	1	4	0.00000423450807	0.24207	0.0	0.13735939999991054	0.06564836000006835	0.03906224000002112	1
1324	1	5	0.0000075853481	0.22156	0.0	0.13362094100004976	0.04558465899992825	0.042354400000022	1
1327	1	1	0.0000011001268	0.43206	0.0	0.28023333300003384	0.09119771499996432	0.060628952000001846	1
1327	1	2	0.0000013493773	0.27585000000000004	0.0	0.17079842999965844	0.060205279999991035	0.044846290000350564	1
1327	1	3	0.00000232558758	0.25507	0.0	0.14962675099998188	0.05930748200000835	0.046135767000009764	1
1327	1	4	0.00000398500757	0.2271	0.0	0.12446274299991691	0.06556582900009289	0.03707142799999019	1
1327	1	5	0.00000679434652	0.19783	0.0	0.11647989900000184	0.042507519999958276	0.0388425810000399	1
1338	1	1	0.00000167056544	0.70587	0.0	0.5544734930000415	0.08522307199996249	0.06617343499999606	1
1338	1	2	0.00000207492042	0.44998000000000005	0.0	0.35583087000044955	0.03842721999990317	0.05572190999964732	1
1338	1	3	0.00000302083898	0.3385	0.0	0.22358239400005095	0.06965066099996875	0.045266944999980296	1
1338	1	4	0.00000431200822	0.24672	0.0	0.15757753200002272	0.0534157109999569	0.03572675700002037	1
1338	1	5	0.00000769734833	0.22491999999999998	0.0	0.14463007900008315	0.042489050999961364	0.037800869999955466	1
1339	1	1	0.00000249621293	1.1021800000000002	0.0	0.9536052229999784	0.08141379099998858	0.06716098600003306	1
1339	1	2	0.00000297700555	0.6664800000000001	0.0	0.5450297600001691	0.06815548999975363	0.05329475000007733	1
1339	1	3	0.00000364592356	0.41351	0.0	0.3233471689999567	0.04385196300006555	0.046310867999977745	1
1339	1	4	0.00000545684385	0.31541	0.0	0.21483834299995413	0.06068359599998985	0.03988806100005604	1
1339	1	5	0.00000935635165	0.27469	0.0	0.1857859700000194	0.05050721899999644	0.038396810999984154	1
1342	1	1	0.0000017990032	0.76752	0.0	0.6171544130000466	0.08672059299999546	0.06364499399995793	1
1342	1	2	0.00000212808719	0.46274000000000004	0.0	0.3535705810000457	0.06689661900009014	0.04227279999986422	1
1342	1	3	0.00000319517266	0.35942	0.0	0.23134477800010694	0.051863987999922756	0.07621123399997032	1
1342	1	4	0.00000457967543	0.26277999999999996	0.0	0.17463189199995874	0.05241118000003553	0.03573692800000572	1
1342	1	5	0.0000077156817	0.22547	0.0	0.14974026999996543	0.0413405200000625	0.03438920999997208	1
1349	1	1	0.00000204333702	0.8847999999999999	0.0	0.7222104469999678	0.09803017800004454	0.06455937499998754	1
1349	1	2	0.00000222112904	0.48507	0.0	0.38451123999976	0.047238650000053894	0.053320110000186105	1
1349	1	3	0.00000322192271	0.36263	0.0	0.2568186300000306	0.06222806699997818	0.04358330299999125	1
1349	1	4	0.00000492017611	0.28320999999999996	0.0	0.17807324100005276	0.06700414099998397	0.03813261799996326	1
1349	1	5	0.00000798634891	0.23359000000000002	0.0	0.15310682000001258	0.044141019999983655	0.03634216000000379	1
1353	1	1	0.00000174266975	0.74048	0.0	0.5791688699999986	0.09965000699997972	0.06166112300002169	1
1353	1	2	0.00000186662833	0.39999	0.0	0.31791305000035414	0.03938293999999587	0.04269400999965001	1
1353	1	3	0.00000274225508	0.30507	0.0	0.21313123599998046	0.048065740999959417	0.04387302300006013	1
1353	1	4	0.0000046480089	0.26688	0.0	0.16320371300001524	0.06564879899997322	0.038027488000011545	1
1353	1	5	0.00000785901532	0.22977	0.0	0.14332939000004583	0.04664276999994854	0.039797840000005635	1
1365	1	1	0.00000119289782	0.47658999999999996	0.0	0.3135285390000161	0.0956318760000272	0.06742958499995666	1
1365	1	2	0.00000150591928	0.31342000000000003	0.0	0.21185722999967216	0.055891150000206835	0.04567162000012104	1
1365	1	3	0.00000246608787	0.27193	0.0	0.15903395800001152	0.06588963399997283	0.047006408000015654	1
1365	1	4	0.00000360434014	0.20426	0.0	0.13025919500003125	0.03779933800001345	0.0362014669999553	1
1365	1	5	0.00000745234784	0.21756999999999999	0.0	0.1252315200000333	0.05199006999998801	0.040348409999978685	1
1372	1	1	0.00000122521038	0.49210000000000004	0.0	0.3141714519999888	0.11131584200001043	0.0666127060000008	1
1372	1	2	0.00000143771081	0.29705000000000004	0.0	0.2085649099993687	0.04388743000026807	0.04459766000036325	1
1372	1	3	0.00000220742068	0.24089	0.0	0.15304886400016188	0.0423389299999144	0.04550220599992372	1
1372	1	4	0.00000369484032	0.20969000000000002	0.0	0.1323464909999979	0.03825378900000942	0.03908971999999267	1
1372	1	5	0.00000715901392	0.20877	0.0	0.11999534999988148	0.04864007000003312	0.04013458000008541	1
1375	1	1	0.00000162206534	0.68259	0.0	0.5016937209999763	0.11007057200004056	0.07082570699998314	1
1375	1	2	0.00000194708683	0.4193	0.0	0.3163221700001275	0.04695890999983021	0.05601892000004227	1
1375	1	3	0.00000263633821	0.29236	0.0	0.19536789800005533	0.05344044000003123	0.04355166199991345	1
1375	1	4	0.00000393117413	0.22387	0.0	0.14691840099996	0.04056319100004657	0.03638840799999343	1
1375	1	5	0.00000742968113	0.21689	0.0	0.12994193999994572	0.04716556000005312	0.039782500000001164	1
1385	1	1	0.00000179727403	0.7666900000000001	0.0	0.6177641029999736	0.08511193200001799	0.06381396500000847	1
1385	1	2	0.00000223042073	0.4873	0.0	0.38068041099972544	0.05135074000008899	0.05526884900018558	1
1385	1	3	0.00000301133896	0.33736	0.0	0.22650659999989	0.06700131700006295	0.04385208300004706	1
1385	1	4	0.00000438600837	0.25116	0.0	0.16806260700011094	0.04387170299992249	0.03922568999996656	1
1385	1	5	0.00000768501497	0.22455000000000003	0.0	0.14739735000009735	0.040997509999897375	0.036155140000005304	1
1386	1	1	0.00000104456419	0.40539	0.0	0.23549959599999978	0.08443922200001452	0.08545118199998569	1
1386	1	2	0.00000137837736	0.28281	0.0	0.17157984899980017	0.06843404000028386	0.04279611099991598	1
1386	1	3	0.00000203492034	0.22019	0.0	0.1266319540001154	0.04620662699994682	0.04735141899993778	1
1386	1	4	0.00000348650657	0.19719	0.0	0.11852692100003373	0.034421815999962746	0.04424126300000353	1
1386	1	5	0.00000703068033	0.20492	0.0	0.11398064100011007	0.049137199999904624	0.041802158999985295	1
1390	1	1	0.00000171639887	0.72787	0.0	0.5640291180000119	0.09598853599999302	0.06785234599999512	1
1390	1	2	0.00000212254551	0.46141000000000004	0.0	0.35126164999985504	0.054966830000012123	0.05518152000013288	1
1390	1	3	0.00000297800556	0.33336000000000005	0.0	0.21873019400007468	0.0488136819999454	0.06581612399997994	1
1390	1	4	0.00000422917472	0.24175	0.0	0.16637402300009216	0.03825372899996182	0.03712224799994601	1
1390	1	5	0.00000778168183	0.22744999999999999	0.0	0.14507625000001206	0.05064667999999983	0.03172706999998809	1
1401	1	1	0.00000191150342	0.82152	0.0	0.6606571790000335	0.10068847799999503	0.060174342999971486	1
1401	1	2	0.00000222625405	0.4863	0.0	0.3958254600001681	0.04369210999993811	0.04678242999989379	1
1401	1	3	0.00000305333904	0.3424	0.0	0.2452300970001055	0.04868280199991659	0.048487100999977883	1
1401	1	4	0.00000447534188	0.25651999999999997	0.0	0.17544729900007452	0.04471915399994941	0.03635354699997606	1
1401	1	5	0.00000798968225	0.23369	0.0	0.15185353999990953	0.04325501000005261	0.038581450000037876	1
1405	1	1	0.00000159733613	0.6707200000000001	0.0	0.5032267779999813	0.08865995299998986	0.07883326900002885	1
1405	1	2	0.00000192054511	0.41293	0.0	0.3230706119998501	0.04847737899990534	0.04138200900024458	1
1405	1	3	0.00000270800502	0.30096	0.0	0.19629091299983878	0.05933139200010373	0.045337695000057465	1
1405	1	4	0.00000392934079	0.22376	0.0	0.1431649290000521	0.03921549999995477	0.04137957099999312	1
1405	1	5	0.0000075646814	0.22094	0.0	0.13898716900003313	0.04004482099992401	0.04190801000004285	1
1429	1	1	0.00000250110877	1.10453	0.0	0.9584608450000363	0.08353629099997306	0.0625328639999907	1
1429	1	2	0.00000285929699	0.6382300000000001	0.0	0.5556301300002602	0.044869979999930365	0.03772988999980953	1
1429	1	3	0.00000364100688	0.41292	0.0	0.31640470799995085	0.05137340700002824	0.04514188500002092	1
1429	1	4	0.00000536117699	0.30967	0.0	0.22260581499996893	0.050478377999979784	0.03658580700005132	1
1429	1	5	0.0000093480183	0.27444	0.0	0.18937194099996343	0.0464137200000323	0.038654339000004256	1
1433	1	1	0.0000029015054	1.29672	0.0	1.1165385520000153	0.09583523599997079	0.08434621200001402	1
1433	1	2	0.00000315258924	0.70862	0.0	0.6074067900004858	0.05542496999987634	0.04578823999963788	1
1433	1	3	0.00000416200792	0.47544000000000003	0.0	0.35976653199993186	0.07108904400001848	0.044584424000049694	1
1433	1	4	0.00000559617746	0.32377	0.0	0.24181996799999114	0.04731890599998678	0.03463112600002205	1
1433	1	5	0.00000968301897	0.28449	0.0	0.2011066400000293	0.04399673000000348	0.039386629999967226	1
1437	1	1	0.00000149983593	0.6239199999999999	0.0	0.42369190599998946	0.11631637300001785	0.08391172099999267	1
1437	1	2	0.00000191404509	0.41137	0.0	0.3043950499997783	0.04946137000024464	0.05751357999997708	1
1437	1	3	0.00000260958815	0.28914999999999996	0.0	0.1993218099999516	0.04644648800001505	0.04338170200003333	1
1437	1	4	0.0000041338412	0.23603000000000002	0.0	0.1463616719999839	0.047139936000007765	0.04252839200000835	1
1437	1	5	0.00000719068065	0.20972	0.0	0.13770182999990785	0.03347539000003508	0.038542780000057064	1
1492	2	1	0.00000137885652	0.5658500000000001	0.0	0.12436250299997448	0.10386419299993577	0.3376233040000898	1
1492	2	2	0.00000174716976	0.37132	0.0	0.10662351200133736	0.05899158600004739	0.20570490199861524	1
1492	2	3	0.00000273267173	0.30392	0.0	0.10376021900003202	0.04289894400000094	0.15726083699996707	1
1492	2	4	0.00000580934455	0.33656	0.0	0.10456701299998764	0.05761350900002071	0.17437947799999165	1
1492	2	5	0.00000936301833	0.27488999999999997	0.0	0.1044594989999447	0.039321363999988534	0.13110913700006677	1
1493	2	1	0.00000130556471	0.53067	0.0	0.10456804900003579	0.10892641399993863	0.31717553700002554	1
1493	2	2	0.00000173537807	0.36849000000000004	0.0	0.10449394299955952	0.05292787800044607	0.21106817899999442	1
1493	2	3	0.00000301192229	0.33743	0.0	0.10383428700005715	0.052279961000010644	0.18131575199993222	1
1493	2	4	0.00000542934379	0.31376	0.0	0.1043042649998804	0.0447253139999475	0.1647304210001721	1
1493	2	5	0.00000968801898	0.28464	0.0	0.10451129000003732	0.038355062999926304	0.14177364700003636	1
1507	2	1	0.00000134177312	0.5480499999999999	0.0	0.11998754399997938	0.1064053940000349	0.32165706199998567	1
1507	2	2	0.00000176475313	0.37554000000000004	0.0	0.10869694500070097	0.06487358499998663	0.20196946999931242	1
1507	2	3	0.00000289333872	0.3232	0.0	0.10389827699999904	0.04375473099997862	0.17554699200002233	1
1507	2	4	0.00000577301115	0.33438	0.0	0.10439102600002013	0.043369391999931395	0.18661958200004847	1
1507	2	5	0.00000999235292	0.29377	0.0	0.10439249300020993	0.03857423299996299	0.15080327399982707	1
1516	2	1	0.0000012983772	0.52722	0.0	0.10463302399983855	0.10522250200006056	0.3173644740001009	1
1516	2	2	0.00000173654474	0.36877	0.0	0.10465330400070844	0.05015524999998888	0.21396144599930267	1
1516	2	3	0.00000286983867	0.32038	0.0	0.10379011599997046	0.047472341000002416	0.16911754300002713	1
1516	2	4	0.00000581051122	0.33663	0.0	0.10446574199998838	0.057824449000008826	0.1743398090000028	1
1516	2	5	0.00000968301897	0.28449	0.0	0.10431174100016892	0.04071233599984225	0.13946592299998883	1
1520	2	1	0.00000132962726	0.54222	0.0	0.11921594599978358	0.10139622100007273	0.32160783300014373	1
1520	2	2	0.00000167700295	0.35448	0.0	0.1045951750011559	0.05470620300002338	0.19517862199882074	1
1520	2	3	0.00000286025532	0.31923	0.0	0.1040868780000278	0.04658747600001334	0.16855564599995887	1
1520	2	4	0.00000662401285	0.38544	0.0	0.10461997099990317	0.10375286600003619	0.17706716300006065	1
1520	2	5	0.00000935035163	0.27451	0.0	0.10437260800066701	0.037646220999931757	0.13249117099940122	1
1525	2	1	0.00000135283564	0.5533600000000001	0.0	0.11713802499980591	0.11169249299996409	0.32452948200023	1
1525	2	2	0.0000016516279	0.34839	0.0	0.10474409600181446	0.06365682999967248	0.17998907399851305	1
1525	2	3	0.00000294500549	0.32939999999999997	0.0	0.10386279100001901	0.04383106699998507	0.1817061419999959	1
1525	2	4	0.00000561901084	0.32514	0.0	0.10464127499980225	0.04317935100004888	0.17731937400014885	1
1525	2	5	0.00001001901964	0.29457	0.0	0.10436200000001583	0.04499599499990836	0.1452120050000758	1
1528	2	1	0.00000134262729	0.5484600000000001	0.0	0.10465857199997118	0.10645889300008093	0.33734253499994793	1
1528	2	2	0.00000168487797	0.35637	0.0	0.10549050800048747	0.06227713099997345	0.1886023609995391	1
1528	2	3	0.00000297058887	0.33247000000000004	0.0	0.1038636369999033	0.05417564200001834	0.1744307210000784	1
1528	2	4	0.00000594484482	0.34469	0.0	0.10553846800006289	0.07351213800006917	0.16563939399986793	1
1528	2	5	0.00000968768564	0.28463	0.0	0.10439179900016177	0.04500001499991413	0.1352381859999241	1
1539	2	1	0.0000013350856	0.54484	0.0	0.1045537639999801	0.12283224700001938	0.31745398900000055	1
1539	2	2	0.00000162058617	0.34094	0.0	0.10466316400011186	0.055700436000734044	0.1805763999991541	1
1539	2	3	0.00000281733857	0.31407999999999997	0.0	0.10387009700009327	0.04151589800000011	0.1686940049999066	1
1539	2	4	0.00000546584387	0.31595	0.0	0.10448138099987063	0.03990647600005559	0.17156214300007377	1
1539	2	5	0.00000947868522	0.27836	0.0	0.10437206199933587	0.04273116000013033	0.1312567780005338	1
1540	2	1	0.00000171794054	0.72861	0.0	0.13426419799997927	0.10778784500007532	0.4865579569999454	1
1540	2	2	0.00000200679528	0.43363	0.0	0.10449213899892755	0.0563248400003431	0.27281302100072935	1
1540	2	3	0.00000339733973	0.38368	0.0	0.10400952700004672	0.04728990099999919	0.2323805719999541	1
1540	2	4	0.00000586251132	0.33975	0.0	0.10435574600014297	0.055987485999935416	0.1794067679999216	1
1540	2	5	0.00001104368835	0.32531	0.0	0.10446997199966114	0.046495419000166294	0.17434460900017257	1
1543	2	1	0.00000137123151	0.5621900000000001	0.0	0.13650085299981538	0.10091203700005735	0.3247771100001273	1
1543	2	2	0.00000169687799	0.35925	0.0	0.10463182199830771	0.05614476700066007	0.19847341100103222	1
1543	2	3	0.0000028987554	0.32385	0.0	0.10410004999994965	0.04949421200001325	0.17025573800003713	1
1543	2	4	0.00000524534342	0.30272000000000004	0.0	0.10441888599994013	0.04988845399998354	0.14841266000007636	1
1543	2	5	0.00000967035227	0.28411000000000003	0.0	0.10453004300001283	0.03877565199991295	0.14080430500007424	1
1550	2	1	0.00000136171066	0.55762	0.0	0.1050335850000721	0.11512642299999243	0.3374599919999355	1
1550	2	2	0.00000171575303	0.36378	0.0	0.1046599569993789	0.0447082059999957	0.21441183700062538	1
1550	2	3	0.00000270967169	0.30116000000000004	0.0	0.10393070700003608	0.045856365999952686	0.15137292700001126	1
1550	2	4	0.00000596584487	0.34595	0.0	0.10458781499981541	0.0943702580000263	0.14699192700015828	1
1550	2	5	0.0000102166867	0.3005	0.0	0.10438931799961938	0.04551315600019734	0.15059752600018328	1
1554	2	1	0.00000137014817	0.56167	0.0	0.1048579779999917	0.11949573800006874	0.3373162839999395	1
1554	2	2	0.00000181333656	0.3872	0.0	0.10487545199963932	0.0667676869998104	0.21555686100055027	1
1554	2	3	0.00000282783859	0.31534	0.0	0.10403420700004865	0.055064631999982794	0.15624116099996854	1
1554	2	4	0.00000512934319	0.29576	0.0	0.10471598899996912	0.040648736999969515	0.15039527400006136	1
1554	2	5	0.00000972735239	0.28582	0.0	0.10450823600029827	0.048205741999936436	0.1331060219997653	1
1566	2	1	0.00000136621067	0.5597799999999999	0.0	0.12383233599991786	0.11862713799996527	0.31732052600011684	1
1566	2	2	0.00000174304475	0.37033	0.0	0.10566263700028328	0.060919495999769424	0.2037478669999473	1
1566	2	3	0.00000281358856	0.31363	0.0	0.10394576500000255	0.04020128900003783	0.1694829459999596	1
1566	2	4	0.00000507567642	0.29254	0.0	0.10496730799988296	0.03987346500002786	0.1476992270000892	1
1566	2	5	0.0000096313522	0.28294	0.0	0.10572504400005658	0.03686809999999241	0.140346855999951	1
1573	2	1	0.00000116581443	0.46359	0.0	0.12324540400009101	0.10266581899998073	0.23767877699992823	1
1573	2	2	0.00000138700237	0.28488	0.0	0.10469324100070196	0.04593819000001531	0.13424856899928272	1
1573	2	3	0.00000250283794	0.27634	0.0	0.10377530199996937	0.0648664010000175	0.1076982970000131	1
1573	2	4	0.00000493684281	0.28420999999999996	0.0	0.10480464199994634	0.05906472100002702	0.12034063700002662	1
1573	2	5	0.0000086186835	0.25256	0.0	0.10413833799985384	0.038519613000062236	0.10990204900008393	1
1576	2	1	0.00000119246032	0.47638	0.0	0.12333679599981304	0.1142843879999873	0.23875881600019966	1
1576	2	2	0.00000140371074	0.28889	0.0	0.10456611399987072	0.04549012100051186	0.13883376499961742	1
1576	2	3	0.00000236992101	0.26039	0.0	0.10376724799996748	0.042679391000035594	0.11394336099999691	1
1576	2	4	0.00000448934191	0.25736000000000003	0.0	0.10433571099991366	0.05017755500000476	0.1028467340000816	1
1576	2	5	0.00000915835125	0.26875	0.0	0.10461968300051012	0.05096489599986853	0.11316542099962135	1
1586	2	1	0.00000126206462	0.5097900000000001	0.0	0.1187415510002457	0.10932053499993799	0.28172791399981634	1
1586	2	2	0.00000151021095	0.31445	0.0	0.10464501400034641	0.053456972999811114	0.15634801299984247	1
1586	2	3	0.00000247650455	0.27318000000000003	0.0	0.10364076500005484	0.045417718000010154	0.12412151699993501	1
1586	2	4	0.00000446100852	0.25566	0.0	0.10439220599990873	0.04208479000010357	0.1091830039999877	1
1586	2	5	0.00000854068335	0.25022	0.0	0.1042779850002814	0.04176558899985139	0.1041764259998672	1
1587	2	1	0.00000118493947	0.47276999999999997	0.0	0.12049386899983301	0.11191381700007241	0.24036231400009456	1
1587	2	2	0.00000151004429	0.31441	0.0	0.10458043200019546	0.06396485999994184	0.14586470799986273	1
1587	2	3	0.00000232883759	0.25546	0.0	0.10375576499998894	0.03717133700001796	0.11453289799999311	1
1587	2	4	0.00000519767666	0.29986	0.0	0.10428390300004264	0.0892385380000178	0.10633755899993957	1
1587	2	5	0.00000846334986	0.2479	0.0	0.10421022099983057	0.042826499999819134	0.1008632790003503	1
1591	2	1	0.0000011837728	0.47220999999999996	0.0	0.11736207200008715	0.11134948200003691	0.2434984459998759	1
1591	2	2	0.00000151587763	0.31581000000000004	0.0	0.1211864409996802	0.045808177000253636	0.14881538200006617	1
1591	2	3	0.00000245558784	0.27067	0.0	0.10401979299996805	0.04262107600004583	0.12402913099998614	1
1591	2	4	0.00000447184188	0.25631	0.0	0.10458188499991736	0.04384687300000678	0.10788124200007587	1
1591	2	5	0.00000860935015	0.25228	0.0	0.10456405199995905	0.04115725699989525	0.1065586910001457	1
1602	2	1	0.00000124268959	0.50049	0.0	0.10516917700009368	0.1420269280000639	0.25329389499984245	1
1602	2	2	0.00000138100236	0.28344	0.0	0.10453418400068534	0.043988979999994626	0.13491683599932003	1
1602	2	3	0.00000239083771	0.26289999999999997	0.0	0.10383682700000725	0.046858585000052244	0.11220458799994049	1
1602	2	4	0.00000450450861	0.25827	0.0	0.10472621100003153	0.03957427499994992	0.11396951400001853	1
1602	2	5	0.00000890668408	0.2612	0.0	0.1043214929996713	0.045557436000081	0.11132107100024768	1
1606	2	1	0.00000123093956	0.49485	0.0	0.12152021499999012	0.13273747699997784	0.24059230800003206	1
1606	2	2	0.00000147212754	0.30531	0.0	0.10470911800011032	0.0630713789996662	0.13752950300022349	1
1606	2	3	0.00000241450443	0.26574000000000003	0.0	0.10382675099993481	0.0445728579999809	0.11734039100008431	1
1606	2	4	0.00000444234182	0.25454	0.0	0.10478384700000154	0.04673243900003854	0.10302371399995991	1
1606	2	5	0.00000867868362	0.25436000000000003	0.0	0.10439736799990294	0.04285436100008155	0.10710827100001552	1
1630	2	1	0.00000122396038	0.4915	0.0	0.13521575600011965	0.11076502399998844	0.2455192199998919	1
1630	2	2	0.00000167208628	0.3533	0.0	0.12273457599918476	0.056893912000305136	0.17367151200051012	1
1630	2	3	0.00000241308776	0.26557	0.0	0.10391973800003354	0.042388267999967866	0.1192619939999986	1
1630	2	4	0.00000439017505	0.25141	0.0	0.104587075000076	0.04176581800004442	0.10505710699987958	1
1630	2	5	0.00000849401659	0.24881999999999999	0.0	0.10440730700017804	0.034223314999962895	0.11018937799985906	1
1634	2	1	0.00000119554366	0.47786	0.0	0.11336498099994004	0.11584883900002296	0.24864618000003702	1
1634	2	2	0.00000152900266	0.31895999999999997	0.0	0.10473399299774695	0.059442571000545286	0.15478343600170774	1
1634	2	3	0.00000240208774	0.26425	0.0	0.10380662600004643	0.042263531999992665	0.1181798419999609	1
1634	2	4	0.00000444667516	0.2548	0.0	0.10476972700002972	0.03606466800010821	0.11396560499986208	1
1634	2	5	0.00000848734991	0.24862	0.0	0.10444800700012741	0.041609487999949124	0.10256250499992348	1
1638	2	1	0.00000122398121	0.49151	0.0	0.14078202299998044	0.1098455889999741	0.24088238800004547	1
1638	2	2	0.0000013980024	0.28752	0.0	0.10611184599943545	0.04680806600026699	0.13460008800029755	1
1638	2	3	0.00000243400447	0.26808	0.0	0.10394566400003902	0.047585753000021214	0.11654858299993975	1
1638	2	4	0.00000428950818	0.24537	0.0	0.10434918499983917	0.033065002000057575	0.10795581300010326	1
1638	2	5	0.00000834134962	0.24424	0.0	0.1042945469998906	0.041840799000055995	0.09810465400005342	1
7945	3	1	0.00002763190903	13.167290000000001	0.83693	12.786627514999985	0.0	0.3806624850000162	1
7945	3	2	0.00002598034323	6.187270000000001	0.71343	5.9961429379996956	0.0	0.19112706200030516	1
7945	3	3	0.00002695830352	3.21099	0.81813	3.0902040589999915	0.0	0.12078594100000828	1
7945	3	4	0.0000246338822	1.46603	0.7564500000000001	1.3831963280000075	0.0	0.08283367199999248	1
7945	3	5	0.00003163806288	0.94314	0.78944	0.8575324799996057	0.0	0.08560752000039429	1
7946	3	1	0.00004164779123	19.894900000000003	0.0	19.64732805599999	0.0	0.2475719440000148	1
7946	3	2	0.00003957866209	9.45086	0.0	9.300554976000138	0.0	0.1503050239998629	1
7946	3	3	0.00004068949765	4.8587299999999995	0.0	4.813430842999955	0.0	0.04529915700004494	1
7946	3	4	0.00003814090921	2.27645	0.0	2.2309415660000016	0.0	0.04550843399999849	1
7946	3	5	0.00004440575508	1.32617	0.0	1.2790738489999949	0.0	0.04709615100000519	1
7947	3	1	0.00003836234716	18.31789	0.0	18.097730177000095	0.0	0.22015982299990355	1
7947	3	2	0.00003673019806	8.76723	0.0	8.617115419000202	0.0	0.1501145809997979	1
7947	3	3	0.00003764915823	4.49389	0.0	4.450884867000049	0.0	0.043005132999951456	1
7947	3	4	0.00003641923911	2.17315	0.0	2.1254228440000493	0.0	0.04772715599995081	1
7947	3	5	0.00004095474818	1.2226400000000002	0.0	1.1815874649997102	0.0	0.041052535000289936	1
7948	3	1	0.00003538842454	16.89041	0.0	16.658454890000055	0.0	0.2319551099999444	1
7948	3	2	0.00003367894196	8.034930000000001	0.0	7.903080991999755	0.0	0.1318490080002448	1
7948	3	3	0.00003328381617	3.97005	0.0	3.932267363000036	0.0	0.03778263699996387	1
7948	3	4	0.00003260456481	1.94427	0.0	1.9069020620000114	0.0	0.0373679379999885	1
7948	3	5	0.00003774240842	1.12627	0.0	1.07504969900017	0.0	0.051220300999830215	1
7949	3	1	0.0000343187974	16.37699	0.0	16.139161700999942	0.0	0.2378282990000571	1
7949	3	2	0.00003259548146	7.7749	0.0	7.637965634000122	0.0	0.13693436599987763	1
7949	3	3	0.00003224964743	3.8459499999999998	0.0	3.8056947310000004	0.0	0.040255268999999316	1
7949	3	4	0.00003109406179	1.8536400000000002	0.0	1.8146705909999399	0.0	0.038969409000060296	1
7949	3	5	0.00003658640611	1.0915899999999998	0.0	1.0532729480000886	0.0	0.0383170519999112	1
7950	3	1	0.00003399456759	16.22136	0.0	15.99283831800005	0.0	0.2285216819999505	1
7950	3	2	0.00003237914769	7.72298	0.0	7.590231712000325	0.0	0.13274828799967509	1
7950	3	3	0.00003304598236	3.9415100000000005	0.0	3.904235871999965	0.0	0.03727412800003549	1
7950	3	4	0.00003032606025	1.80756	0.0	1.7684739010000263	0.0	0.03908609899997373	1
7950	3	5	0.00003658907278	1.0916700000000001	0.0	1.0492104960000925	0.0	0.04245950399990761	1
7951	3	1	0.00003384085895	16.14758	0.0	15.909639494000029	0.0	0.23794050599997263	1
7951	3	2	0.00003229652253	7.70315	0.0	7.577231927000589	0.0	0.12591807299941138	1
7951	3	3	0.00003238731437	3.86247	0.0	3.82045976399999	0.0	0.04201023600001008	1
7951	3	4	0.00003063272753	1.82596	0.0	1.7801568449999559	0.0	0.04580315500004417	1
7951	3	5	0.00003586973801	1.07009	0.0	1.0228947789999618	0.0	0.047195221000038146	1
7952	3	1	0.00003108656177	14.825520000000001	0.0	14.581657813000009	0.0	0.24386218699999063	1
7952	3	2	0.00002979101752	7.10183	0.0	6.960731590000641	0.0	0.1410984099993584	1
7952	3	3	0.00002984272595	3.55712	0.0	3.5180680340000117	0.0	0.03905196599998817	1
7952	3	4	0.00002782705525	1.6576199999999999	0.0	1.613308216999988	0.0	0.04431178300001193	1
7952	3	5	0.00003249973127	0.96899	0.0	0.9327416370003141	0.0	0.036248362999685924	1
7953	3	1	0.00003076989447	14.67352	0.0	14.43561849099996	0.0	0.23790150900003937	1
7953	3	2	0.00002916780794	6.952260000000001	0.0	6.821771891000003	0.0	0.13048810899999808	1
7953	3	3	0.00002995422618	3.5705	0.0	3.5263975699999337	0.0	0.044102430000066306	1
7953	3	4	0.00002705772038	1.6114600000000001	0.0	1.5774432349999534	0.0	0.03401676500004669	1
7953	3	5	0.00003318939931	0.98968	0.0	0.9456650119999283	0.0	0.04401498800007175	1
7954	3	1	0.00003054635236	14.56622	0.0	14.330447163999976	0.0	0.23577283600002374	1
7954	3	2	0.00002950997529	7.0343800000000005	0.0	6.900286122000525	0.0	0.1340938779994758	1
7954	3	3	0.00002796655553	3.33198	0.77743	3.212953479999966	0.0	0.119026520000034	1
7954	3	4	0.00002859072345	1.70344	0.0	1.662395438999965	0.0	0.041044561000035173	1
7954	3	5	0.00003305073237	0.98552	0.0	0.9411718900003538	0.0	0.04434810999964611	1
7955	3	1	0.00003068506097	14.6328	0.0	14.374590849000153	0.0	0.2582091509998463	1
7955	3	2	0.00002931039155	6.986479999999999	0.0	6.842558087999776	0.0	0.14392191200022353	1
7955	3	3	0.00002730863755	3.2530300000000003	0.0	3.207727799999963	0.0	0.045302200000037374	1
7955	3	4	0.00002740738775	1.6324400000000001	0.0	1.591965169000017	0.0	0.04047483099998317	1
7955	3	5	0.00003311339916	0.9873999999999999	0.0	0.9423500799998895	0.0	0.04504992000011043	1
7956	3	1	0.00003097774906	14.773290000000001	0.0	14.538359996999956	0.0	0.23493000300004496	1
7956	3	2	0.00002914272455	6.9462399999999995	0.0	6.814275913000312	0.0	0.13196408699968742	1
7956	3	3	0.00002717455395	3.23694	0.0	3.191463389999963	0.0	0.045476610000037	1
7956	3	4	0.00002815555591	1.67733	0.0	1.6372283590000216	0.0	0.04010164099997837	1
7956	3	5	0.00003287506535	0.9802500000000001	0.0	0.9412433060000913	0.0	0.03900669399990875	1
7957	3	1	0.00003139102072	14.97166	0.0	14.732732226999886	0.0	0.23892777300011403	1
7957	3	2	0.00002910889115	6.93812	0.0	6.811507128000104	0.0	0.12661287199989602	1
7957	3	3	0.00002773880508	3.30465	0.0	3.2585712500000077	0.0	0.0460787499999924	1
7957	3	4	0.00002812838919	1.6757000000000002	0.0	1.6304529449999958	0.0	0.045247055000004366	1
7957	3	5	0.00003351939997	0.99958	0.0	0.9426288160001005	0.0	0.05695118399989951	1
7958	3	1	0.00003120320784	14.88151	0.0	14.642447041000034	0.0	0.2390629589999662	1
7958	3	2	0.00002864814023	6.82754	0.0	6.688143973000252	0.0	0.13939602699974785	1
7958	3	3	0.00002836255633	3.3795	0.0	3.335842189999987	0.0	0.04365781000001334	1
7958	3	4	0.00002816272259	1.67776	0.0	1.6346911770000012	0.0	0.0430688229999987	1
7958	3	5	0.00003293273213	0.9819800000000001	0.0	0.938898386000325	0.0	0.04308161399967503	1
7959	3	1	0.00003122091621	14.89001	0.0	14.62449637499996	0.0	0.2655136250000396	1
7959	3	2	0.00002944372515	7.018479999999999	0.0	6.876796287999514	0.0	0.14168371200048568	1
7959	3	3	0.00002735563764	3.25867	0.0	3.210290129999924	0.0	0.04837987000007615	1
7959	3	4	0.00002809238912	1.67354	0.0	1.628671606000009	0.0	0.044868393999990985	1
7959	3	5	0.00003288906538	0.9806699999999999	0.0	0.9356530930000098	0.0	0.04501690699999017	1
7960	3	1	0.00003104356169	14.804879999999999	0.0	14.571692180999976	0.0	0.2331878190000225	1
7960	3	2	0.00002947368355	7.02567	0.0	6.906303631999444	0.0	0.11936636800055567	1
7960	3	3	0.00002737672102	3.2612	0.0	3.21426025900004	0.0	0.04693974099996012	1
7960	3	4	0.00002837705635	1.69062	0.0	1.6473033069999348	0.0	0.04331669300006524	1
7960	3	5	0.00003312139918	0.98764	0.0	0.9474059360001671	0.0	0.04023406399983287	1
7961	3	1	0.00003120443701	14.882100000000001	0.0	14.652408894999972	0.0	0.22969110500002898	1
7961	3	2	0.00002965722558	7.06972	0.0	6.933931017999878	0.0	0.1357889820001219	1
7961	3	3	0.00002570471768	3.06056	0.0	3.019435431000024	0.0	0.04112456899997596	1
7961	3	4	0.00002795538884	1.66532	0.0	1.6221919970000074	0.0	0.04312800299999253	1
7961	3	5	0.00003317506595	0.9892500000000001	0.0	0.9451707829997832	0.0	0.044079217000216886	1
7962	3	1	0.00003063976921	14.61106	0.0	14.373464472000071	0.0	0.2375955279999289	1
7962	3	2	0.00002967414228	7.07378	0.0	6.940159027999756	0.0	0.13362097200024436	1
7962	3	3	0.00002707322041	3.2247800000000004	0.0	3.169559229999995	0.0	0.05522077000000536	1
7962	3	4	0.00002786288866	1.65977	0.0	1.6170623580000179	0.0	0.042707641999982116	1
7962	3	5	0.00003355673338	1.0007000000000001	0.0	0.9551580980000319	0.0	0.045541901999968104	1
7963	3	1	0.00003095460318	14.76218	0.0	14.522529636000002	0.0	0.23965036399999917	1
7963	3	2	0.00002958730877	7.0529399999999995	0.0	6.912642785999616	0.0	0.14029721400038397	1
7963	3	3	0.00002772563838	3.3030700000000004	0.0	3.2536319109999092	0.0	0.04943808900009117	1
7963	3	4	0.00002777255515	1.65435	0.0	1.6092115159999372	0.0	0.04513848400006282	1
7963	3	5	0.00003363073353	1.00292	0.0	0.9559470860000201	0.0	0.04697291399997994	1
7964	3	1	0.00003108014509	14.82244	0.0	14.597314587000113	0.0	0.22512541299988698	1
7964	3	2	0.00002991480943	7.13154	0.0	6.993034544999914	0.0	0.13850545500008593	1
7964	3	3	0.00002780855522	3.31302	0.0	3.26766258100003	0.0	0.04535741899996992	1
7964	3	4	0.00002786022199	1.65961	0.0	1.6151545670000609	0.0	0.04445543299993915	1
7964	3	5	0.00003366740027	1.00402	0.0	0.9645386240000876	0.0	0.039481375999912416	1
7965	3	1	0.0000274157836	13.06355	0.0	12.837426959000062	0.0	0.22612304099993707	1
7965	3	2	0.00002641959411	6.2926899999999995	0.0	6.147466180000044	0.0	0.1452238199999556	1
7965	3	3	0.00002382271391	2.83472	0.0	2.786372220000028	0.0	0.04834777999997186	1
7965	3	4	0.00002499354959	1.4876099999999999	0.0	1.44694775900005	0.0	0.04066224099994997	1
7965	3	5	0.00003093639481	0.9220900000000001	0.0	0.8796734789998226	0.0	0.042416521000177454	1
7966	3	1	0.00002752622132	13.11656	0.0	12.880036977999971	0.0	0.2365230220000285	1
7966	3	2	0.00002665834458	6.34999	0.0	6.221815479000108	0.0	0.12817452099989168	1
7966	3	3	0.00002385121397	2.83814	0.0	2.789514439999995	0.0	0.04862556000000495	1
7966	3	4	0.00002443671514	1.4542000000000002	0.0	1.4099333660000042	0.0	0.044266633999995975	1
7966	3	5	0.00002948939191	0.87868	0.0	0.8407177239998561	0.0	0.0379622760001439	1
7967	3	1	0.00002737709602	13.04498	0.0	12.82415408999997	0.0	0.2208259100000305	1
7967	3	2	0.00002631401056	6.26735	0.0	6.137645912000075	0.0	0.12970408799992583	1
7967	3	3	0.00002432529825	2.89503	0.0	2.8492624000000237	0.0	0.04576759999997648	1
7967	3	4	0.00002464488222	1.46669	0.0	1.4166135819999968	0.0	0.05007641800000329	1
7967	3	5	0.00002978405917	0.88752	0.0	0.8394254649999816	0.0	0.04809453500001837	1
7968	3	1	0.00002737459602	13.043780000000002	0.0	12.808168802999976	0.0	0.23561119700002564	1
7968	3	2	0.00002626101046	6.254630000000001	0.0	6.1261934990003315	0.0	0.12843650099966908	1
7968	3	3	0.00002476888247	2.9482600000000003	0.0	2.90405609999993	0.0	0.04420390000007046	1
7968	3	4	0.00002443171513	1.4539000000000002	0.0	1.4135003189999467	0.0	0.04039968100005353	1
7968	3	5	0.00002966972561	0.88409	0.0	0.8430206249999936	0.0	0.0410693750000064	1
7969	3	1	0.00002823349357	13.45605	0.0	13.218597384000072	0.0	0.23745261599992773	1
7969	3	2	0.00002681301156	6.38711	0.0	6.25515254100025	0.0	0.1319574589997501	1
7969	3	3	0.00002347429655	2.79291	0.0	2.7394521099999958	0.0	0.05345789000000423	1
7969	3	4	0.00002520538334	1.5003199999999999	0.0	1.45294866500002	0.0	0.04737133499997981	1
7969	3	5	0.00003012005984	0.8976000000000001	0.0	0.8539523020001413	0.0	0.04364769799985879	1
7970	3	1	0.00002759411729	13.14915	0.0	12.925381506000159	0.0	0.22376849399984167	1
7970	3	2	0.00002649938593	6.31184	0.0	6.187771532000323	0.0	0.12406846799967752	1
7970	3	3	0.00002372696372	2.82323	0.0	2.7784354609999915	0.0	0.044794539000008626	1
7970	3	4	0.00002408421444	1.43305	0.0	1.3880790160000258	0.0	0.04497098399997412	1
7970	3	5	0.00002978772584	0.88763	0.0	0.8454459689999666	0.0	0.04218403100003343	1
7971	3	1	0.00002753222133	13.11944	0.0	12.890527823000017	0.0	0.22891217699998379	1
7971	3	2	0.00002643496914	6.29638	0.0	6.171632720999924	0.0	0.12474727900007565	1
7971	3	3	0.00002400363094	2.85643	0.0	2.8208879499999964	0.0	0.035542050000003655	1
7971	3	4	0.00002426854814	1.44411	0.0	1.4042947699999553	0.0	0.03981523000004472	1
7971	3	5	0.00003001539296	0.89446	0.0	0.850697900999895	0.0	0.04376209900010508	1
7972	3	1	0.00002765065907	13.176290000000002	0.0	12.931401297999976	0.0	0.24488870200002566	1
7972	3	2	0.00002647584422	6.30619	0.0	6.176197308000822	0.0	0.12999269199917762	1
7972	3	3	0.00002466813227	2.93617	0.0	2.8897429000000403	0.0	0.046427099999959864	1
7972	3	4	0.00002441138176	1.4526800000000002	0.0	1.4106581379999306	0.0	0.04202186200006963	1
7972	3	5	0.00002963105886	0.88293	0.0	0.8415104399998778	0.0	0.041419560000122146	1
7973	3	1	0.00002772140921	13.21025	0.0	12.962828885000048	0.0	0.2474211149999519	1
7973	3	2	0.000026364719	6.279520000000001	0.0	6.1601503689998465	0.0	0.11936963100015419	1
7973	3	3	0.00002421038135	2.88124	0.0	2.838172499000004	0.0	0.0430675009999959	1
7973	3	4	0.00002416604793	1.4379600000000001	0.0	1.3954295579999572	0.0	0.04253044200004297	1
7973	3	5	0.00003003505967	0.89505	0.0	0.848476047999983	0.0	0.046573952000017016	1
7974	3	1	0.00002804003485	13.363190000000001	0.0	13.112249669999953	0.0	0.25094033000004856	1
7974	3	2	0.00002693663681	6.41678	0.0	6.280822167999287	0.0	0.1359578320007131	1
7974	3	3	0.0000248007992	2.95209	0.0	2.899971499999994	0.0	0.05211850000000595	1
7974	3	4	0.00002475188244	1.47311	0.0	1.4287899660000478	0.0	0.0443200339999521	1
7974	3	5	0.0000302500601	0.9015	0.0	0.8601333480001485	0.0	0.041366651999851456	1
7975	4	1	0.00000964428972	4.53325	0.8319	0.016827261999812437	4.369667298000195	0.14675543999999263	1
7975	4	2	0.00001014872823	2.38769	0.82908	0.024334929001704496	2.2962920679983654	0.06706300299993018	1
7975	4	3	0.00001407611109	1.6651300000000002	0.85045	0.007028193999952691	1.60159512000007	0.056506685999977435	1
7975	4	4	0.0000238813807	1.4208800000000001	0.82613	0.006953995000333634	1.3691822399996454	0.044743765000021085	1
7975	4	5	0.00004990909942	1.49127	0.7834099999999999	0.008391702000622446	1.4356306509994283	0.04724764699994921	1

#<bucket_range_id> <size1_gb> <size2_gb> <cost_per_gb>
1	0	51200	0.0405
2	51200	460800	0.0390
3	460800	99999999999999	0.0370
