#<#tasks> <#config> <#data> <#vms> <#buckets> <#bucket_ranges> <max_running_time> <max_financial_cost>
106	5	240	5	1	3	1000	500000

#<task_id> <activity_id> <task_type__0-VM__1-VM_FX> <vm_cpu_time> <n_input> [<id_input>...] <n_output> [<id_output>...]
24	1	1	0.01307055598590523	1	[21]	1	[22]
734	1	1	0.020874160923995078	1	[126]	1	[127]
738	1	1	0.0484055089764297	1	[134]	1	[135]
739	1	1	0.03030609304551035	1	[136]	1	[137]
803	1	1	0.02271127502899617	1	[206]	1	[207]
808	1	1	0.04291915497742593	1	[216]	1	[217]
818	1	1	0.014306453987956047	1	[236]	1	[237]
825	1	1	0.008351968950591981	1	[250]	1	[251]
1292	1	1	0.011740063084289432	1	[442]	1	[443]
1294	1	1	0.06645925098564476	1	[446]	1	[447]
1298	1	1	0.010726565029472113	1	[454]	1	[455]
1304	1	1	0.023281772038899362	1	[466]	1	[467]
1307	1	1	0.05012144101783633	1	[472]	1	[473]
1314	1	1	0.03719347110018134	1	[486]	1	[487]
1317	1	1	0.05865732301026583	1	[492]	1	[493]
1337	1	1	0.0646685230312869	1	[532]	1	[533]
1339	1	1	0.05988232302479446	1	[536]	1	[537]
1348	1	1	0.023604181013070047	1	[554]	1	[555]
1354	1	1	0.050163257983513176	1	[566]	1	[567]
1358	1	1	0.014152094023302197	1	[574]	1	[575]
1368	1	1	0.05009661498479545	1	[594]	1	[595]
1375	1	1	0.02602514997124672	1	[608]	1	[609]
1377	1	1	0.030616135918535292	1	[612]	1	[613]
1381	1	1	0.019158984068781137	1	[620]	1	[621]
1382	1	1	0.05447696091141552	1	[622]	1	[623]
1398	1	1	0.019796179025433958	1	[654]	1	[655]
1401	1	1	0.038392585003748536	1	[660]	1	[661]
1404	1	1	0.04238041304051876	1	[666]	1	[667]
1405	1	1	0.026152850943617523	1	[668]	1	[669]
1416	1	1	0.06986125593539327	1	[690]	1	[691]
1422	1	1	0.06669676292221993	1	[702]	1	[703]
1424	1	1	0.00847047904971987	1	[706]	1	[707]
1429	1	1	0.05943065194878727	1	[716]	1	[717]
1430	1	1	0.021167739992961287	1	[718]	1	[719]
1433	1	1	0.06944126996677369	1	[724]	1	[725]
34	2	1	0.0032865640241652727	1	[22]	6	[42,43,44,45,46,47]
754	2	1	0.0022164550609886646	1	[127]	6	[157,158,159,160,161,162]
758	2	1	0.001986757037229836	1	[135]	5	[178,179,180,181,182]
759	2	1	0.0019123429665341973	1	[137]	5	[183,184,185,186,187]
853	2	1	0.0018991510150954127	1	[207]	5	[269,270,271,272,273]
858	2	1	0.001980265020392835	1	[217]	5	[294,295,296,297,298]
868	2	1	0.0019339899299666286	1	[237]	5	[344,345,346,347,348]
875	2	1	0.0017549509648233652	1	[251]	4	[377,378,379,380]
1493	2	1	0.001559669035486877	1	[443]	4	[750,751,752,753]
1495	2	1	0.0015580239705741405	1	[447]	4	[758,759,760,761]
1499	2	1	0.0017696040449663997	1	[455]	4	[774,775,776,777]
1505	2	1	0.0015986710786819458	1	[467]	4	[798,799,800,801]
1508	2	1	0.00158970698248595	1	[473]	4	[810,811,812,813]
1515	2	1	0.0018133609555661678	1	[487]	4	[838,839,840,841]
1518	2	1	0.0016403039917349815	1	[493]	4	[850,851,852,853]
1538	2	1	0.0017005769768729806	1	[533]	4	[930,931,932,933]
1540	2	1	0.0017304120119661093	1	[537]	4	[938,939,940,941]
1549	2	1	0.0016357599524781108	1	[555]	4	[974,975,976,977]
1555	2	1	0.0016095999162644148	1	[567]	4	[998,999,1000,1001]
1559	2	1	0.0017076029907912016	1	[575]	4	[1014,1015,1016,1017]
1569	2	1	0.001602976000867784	1	[595]	4	[1054,1055,1056,1057]
1576	2	1	0.0013387160142883658	1	[609]	3	[1079,1080,1081]
1578	2	1	0.0013517519691959023	1	[613]	3	[1085,1086,1087]
1582	2	1	0.0015040129655972123	1	[621]	3	[1097,1098,1099]
1583	2	1	0.0012987160589545965	1	[623]	3	[1100,1101,1102]
1599	2	1	0.0013171429745852947	1	[655]	3	[1148,1149,1150]
1602	2	1	0.0015583829954266548	1	[661]	3	[1157,1158,1159]
1605	2	1	0.001495892065577209	1	[667]	3	[1166,1167,1168]
1606	2	1	0.0012833660002797842	1	[669]	3	[1169,1170,1171]
1617	2	1	0.00129828997887671	1	[691]	3	[1202,1203,1204]
1623	2	1	0.0012967890361323953	1	[703]	3	[1220,1221,1222]
1625	2	1	0.001048251986503601	1	[707]	2	[1226,1227]
1630	2	1	0.0014282689662650228	1	[717]	3	[1240,1241,1242]
1631	2	1	0.0014276650035753846	1	[719]	3	[1243,1244,1245]
1634	2	1	0.0013338010758161545	1	[725]	3	[1252,1253,1254]
8410	3	1	0.3024624480167404	134	[42,43,44,45,46,47,157,158,159,160,161,162,178,179,180,181,182,183,184,185,186,187,269,270,271,272,273,294,295,296,297,298,344,345,346,347,348,377,378,379,380,750,751,752,753,758,759,760,761,774,775,776,777,798,799,800,801,810,811,812,813,838,839,840,841,850,851,852,853,930,931,932,933,938,939,940,941,974,975,976,977,998,999,1000,1001,1014,1015,1016,1017,1054,1055,1056,1057,1079,1080,1081,1085,1086,1087,1097,1098,1099,1100,1101,1102,1148,1149,1150,1157,1158,1159,1166,1167,1168,1169,1170,1171,1202,1203,1204,1220,1221,1222,1226,1227,1240,1241,1242,1243,1244,1245,1252,1253,1254]	1	[92]
8411	3	1	0.32255285105202347	134	[42,43,44,45,46,47,157,158,159,160,161,162,178,179,180,181,182,183,184,185,186,187,269,270,271,272,273,294,295,296,297,298,344,345,346,347,348,377,378,379,380,750,751,752,753,758,759,760,761,774,775,776,777,798,799,800,801,810,811,812,813,838,839,840,841,850,851,852,853,930,931,932,933,938,939,940,941,974,975,976,977,998,999,1000,1001,1014,1015,1016,1017,1054,1055,1056,1057,1079,1080,1081,1085,1086,1087,1097,1098,1099,1100,1101,1102,1148,1149,1150,1157,1158,1159,1166,1167,1168,1169,1170,1171,1202,1203,1204,1220,1221,1222,1226,1227,1240,1241,1242,1243,1244,1245,1252,1253,1254]	1	[196]
8412	3	1	0.24814157700166106	134	[42,43,44,45,46,47,157,158,159,160,161,162,178,179,180,181,182,183,184,185,186,187,269,270,271,272,273,294,295,296,297,298,344,345,346,347,348,377,378,379,380,750,751,752,753,758,759,760,761,774,775,776,777,798,799,800,801,810,811,812,813,838,839,840,841,850,851,852,853,930,931,932,933,938,939,940,941,974,975,976,977,998,999,1000,1001,1014,1015,1016,1017,1054,1055,1056,1057,1079,1080,1081,1085,1086,1087,1097,1098,1099,1100,1101,1102,1148,1149,1150,1157,1158,1159,1166,1167,1168,1169,1170,1171,1202,1203,1204,1220,1221,1222,1226,1227,1240,1241,1242,1243,1244,1245,1252,1253,1254]	1	[200]
8413	3	1	0.24647920893039554	134	[42,43,44,45,46,47,157,158,159,160,161,162,178,179,180,181,182,183,184,185,186,187,269,270,271,272,273,294,295,296,297,298,344,345,346,347,348,377,378,379,380,750,751,752,753,758,759,760,761,774,775,776,777,798,799,800,801,810,811,812,813,838,839,840,841,850,851,852,853,930,931,932,933,938,939,940,941,974,975,976,977,998,999,1000,1001,1014,1015,1016,1017,1054,1055,1056,1057,1079,1080,1081,1085,1086,1087,1097,1098,1099,1100,1101,1102,1148,1149,1150,1157,1158,1159,1166,1167,1168,1169,1170,1171,1202,1203,1204,1220,1221,1222,1226,1227,1240,1241,1242,1243,1244,1245,1252,1253,1254]	1	[201]
8414	3	1	0.2476130420109257	134	[42,43,44,45,46,47,157,158,159,160,161,162,178,179,180,181,182,183,184,185,186,187,269,270,271,272,273,294,295,296,297,298,344,345,346,347,348,377,378,379,380,750,751,752,753,758,759,760,761,774,775,776,777,798,799,800,801,810,811,812,813,838,839,840,841,850,851,852,853,930,931,932,933,938,939,940,941,974,975,976,977,998,999,1000,1001,1014,1015,1016,1017,1054,1055,1056,1057,1079,1080,1081,1085,1086,1087,1097,1098,1099,1100,1101,1102,1148,1149,1150,1157,1158,1159,1166,1167,1168,1169,1170,1171,1202,1203,1204,1220,1221,1222,1226,1227,1240,1241,1242,1243,1244,1245,1252,1253,1254]	1	[406]
8415	3	1	0.25558102398645133	134	[42,43,44,45,46,47,157,158,159,160,161,162,178,179,180,181,182,183,184,185,186,187,269,270,271,272,273,294,295,296,297,298,344,345,346,347,348,377,378,379,380,750,751,752,753,758,759,760,761,774,775,776,777,798,799,800,801,810,811,812,813,838,839,840,841,850,851,852,853,930,931,932,933,938,939,940,941,974,975,976,977,998,999,1000,1001,1014,1015,1016,1017,1054,1055,1056,1057,1079,1080,1081,1085,1086,1087,1097,1098,1099,1100,1101,1102,1148,1149,1150,1157,1158,1159,1166,1167,1168,1169,1170,1171,1202,1203,1204,1220,1221,1222,1226,1227,1240,1241,1242,1243,1244,1245,1252,1253,1254]	1	[411]
8416	3	1	0.2651662479620427	134	[42,43,44,45,46,47,157,158,159,160,161,162,178,179,180,181,182,183,184,185,186,187,269,270,271,272,273,294,295,296,297,298,344,345,346,347,348,377,378,379,380,750,751,752,753,758,759,760,761,774,775,776,777,798,799,800,801,810,811,812,813,838,839,840,841,850,851,852,853,930,931,932,933,938,939,940,941,974,975,976,977,998,999,1000,1001,1014,1015,1016,1017,1054,1055,1056,1057,1079,1080,1081,1085,1086,1087,1097,1098,1099,1100,1101,1102,1148,1149,1150,1157,1158,1159,1166,1167,1168,1169,1170,1171,1202,1203,1204,1220,1221,1222,1226,1227,1240,1241,1242,1243,1244,1245,1252,1253,1254]	1	[421]
8417	3	1	0.19643337198067456	134	[42,43,44,45,46,47,157,158,159,160,161,162,178,179,180,181,182,183,184,185,186,187,269,270,271,272,273,294,295,296,297,298,344,345,346,347,348,377,378,379,380,750,751,752,753,758,759,760,761,774,775,776,777,798,799,800,801,810,811,812,813,838,839,840,841,850,851,852,853,930,931,932,933,938,939,940,941,974,975,976,977,998,999,1000,1001,1014,1015,1016,1017,1054,1055,1056,1057,1079,1080,1081,1085,1086,1087,1097,1098,1099,1100,1101,1102,1148,1149,1150,1157,1158,1159,1166,1167,1168,1169,1170,1171,1202,1203,1204,1220,1221,1222,1226,1227,1240,1241,1242,1243,1244,1245,1252,1253,1254]	1	[428]
8418	3	1	0.19619860406965017	134	[42,43,44,45,46,47,157,158,159,160,161,162,178,179,180,181,182,183,184,185,186,187,269,270,271,272,273,294,295,296,297,298,344,345,346,347,348,377,378,379,380,750,751,752,753,758,759,760,761,774,775,776,777,798,799,800,801,810,811,812,813,838,839,840,841,850,851,852,853,930,931,932,933,938,939,940,941,974,975,976,977,998,999,1000,1001,1014,1015,1016,1017,1054,1055,1056,1057,1079,1080,1081,1085,1086,1087,1097,1098,1099,1100,1101,1102,1148,1149,1150,1157,1158,1159,1166,1167,1168,1169,1170,1171,1202,1203,1204,1220,1221,1222,1226,1227,1240,1241,1242,1243,1244,1245,1252,1253,1254]	1	[1337]
8419	3	1	0.19749451102688909	134	[42,43,44,45,46,47,157,158,159,160,161,162,178,179,180,181,182,183,184,185,186,187,269,270,271,272,273,294,295,296,297,298,344,345,346,347,348,377,378,379,380,750,751,752,753,758,759,760,761,774,775,776,777,798,799,800,801,810,811,812,813,838,839,840,841,850,851,852,853,930,931,932,933,938,939,940,941,974,975,976,977,998,999,1000,1001,1014,1015,1016,1017,1054,1055,1056,1057,1079,1080,1081,1085,1086,1087,1097,1098,1099,1100,1101,1102,1148,1149,1150,1157,1158,1159,1166,1167,1168,1169,1170,1171,1202,1203,1204,1220,1221,1222,1226,1227,1240,1241,1242,1243,1244,1245,1252,1253,1254]	1	[1351]
8420	3	1	0.19916502095293254	134	[42,43,44,45,46,47,157,158,159,160,161,162,178,179,180,181,182,183,184,185,186,187,269,270,271,272,273,294,295,296,297,298,344,345,346,347,348,377,378,379,380,750,751,752,753,758,759,760,761,774,775,776,777,798,799,800,801,810,811,812,813,838,839,840,841,850,851,852,853,930,931,932,933,938,939,940,941,974,975,976,977,998,999,1000,1001,1014,1015,1016,1017,1054,1055,1056,1057,1079,1080,1081,1085,1086,1087,1097,1098,1099,1100,1101,1102,1148,1149,1150,1157,1158,1159,1166,1167,1168,1169,1170,1171,1202,1203,1204,1220,1221,1222,1226,1227,1240,1241,1242,1243,1244,1245,1252,1253,1254]	1	[1352]
8421	3	1	0.2007554171141237	134	[42,43,44,45,46,47,157,158,159,160,161,162,178,179,180,181,182,183,184,185,186,187,269,270,271,272,273,294,295,296,297,298,344,345,346,347,348,377,378,379,380,750,751,752,753,758,759,760,761,774,775,776,777,798,799,800,801,810,811,812,813,838,839,840,841,850,851,852,853,930,931,932,933,938,939,940,941,974,975,976,977,998,999,1000,1001,1014,1015,1016,1017,1054,1055,1056,1057,1079,1080,1081,1085,1086,1087,1097,1098,1099,1100,1101,1102,1148,1149,1150,1157,1158,1159,1166,1167,1168,1169,1170,1171,1202,1203,1204,1220,1221,1222,1226,1227,1240,1241,1242,1243,1244,1245,1252,1253,1254]	1	[1353]
8422	3	1	0.1980300369905308	134	[42,43,44,45,46,47,157,158,159,160,161,162,178,179,180,181,182,183,184,185,186,187,269,270,271,272,273,294,295,296,297,298,344,345,346,347,348,377,378,379,380,750,751,752,753,758,759,760,761,774,775,776,777,798,799,800,801,810,811,812,813,838,839,840,841,850,851,852,853,930,931,932,933,938,939,940,941,974,975,976,977,998,999,1000,1001,1014,1015,1016,1017,1054,1055,1056,1057,1079,1080,1081,1085,1086,1087,1097,1098,1099,1100,1101,1102,1148,1149,1150,1157,1158,1159,1166,1167,1168,1169,1170,1171,1202,1203,1204,1220,1221,1222,1226,1227,1240,1241,1242,1243,1244,1245,1252,1253,1254]	1	[1354]
8423	3	1	0.19688835192937404	134	[42,43,44,45,46,47,157,158,159,160,161,162,178,179,180,181,182,183,184,185,186,187,269,270,271,272,273,294,295,296,297,298,344,345,346,347,348,377,378,379,380,750,751,752,753,758,759,760,761,774,775,776,777,798,799,800,801,810,811,812,813,838,839,840,841,850,851,852,853,930,931,932,933,938,939,940,941,974,975,976,977,998,999,1000,1001,1014,1015,1016,1017,1054,1055,1056,1057,1079,1080,1081,1085,1086,1087,1097,1098,1099,1100,1101,1102,1148,1149,1150,1157,1158,1159,1166,1167,1168,1169,1170,1171,1202,1203,1204,1220,1221,1222,1226,1227,1240,1241,1242,1243,1244,1245,1252,1253,1254]	1	[1355]
8424	3	1	0.19638516893610358	134	[42,43,44,45,46,47,157,158,159,160,161,162,178,179,180,181,182,183,184,185,186,187,269,270,271,272,273,294,295,296,297,298,344,345,346,347,348,377,378,379,380,750,751,752,753,758,759,760,761,774,775,776,777,798,799,800,801,810,811,812,813,838,839,840,841,850,851,852,853,930,931,932,933,938,939,940,941,974,975,976,977,998,999,1000,1001,1014,1015,1016,1017,1054,1055,1056,1057,1079,1080,1081,1085,1086,1087,1097,1098,1099,1100,1101,1102,1148,1149,1150,1157,1158,1159,1166,1167,1168,1169,1170,1171,1202,1203,1204,1220,1221,1222,1226,1227,1240,1241,1242,1243,1244,1245,1252,1253,1254]	1	[1282]
8425	3	1	0.198089711018838	134	[42,43,44,45,46,47,157,158,159,160,161,162,178,179,180,181,182,183,184,185,186,187,269,270,271,272,273,294,295,296,297,298,344,345,346,347,348,377,378,379,380,750,751,752,753,758,759,760,761,774,775,776,777,798,799,800,801,810,811,812,813,838,839,840,841,850,851,852,853,930,931,932,933,938,939,940,941,974,975,976,977,998,999,1000,1001,1014,1015,1016,1017,1054,1055,1056,1057,1079,1080,1081,1085,1086,1087,1097,1098,1099,1100,1101,1102,1148,1149,1150,1157,1158,1159,1166,1167,1168,1169,1170,1171,1202,1203,1204,1220,1221,1222,1226,1227,1240,1241,1242,1243,1244,1245,1252,1253,1254]	1	[1356]
8426	3	1	0.19537509500514716	134	[42,43,44,45,46,47,157,158,159,160,161,162,178,179,180,181,182,183,184,185,186,187,269,270,271,272,273,294,295,296,297,298,344,345,346,347,348,377,378,379,380,750,751,752,753,758,759,760,761,774,775,776,777,798,799,800,801,810,811,812,813,838,839,840,841,850,851,852,853,930,931,932,933,938,939,940,941,974,975,976,977,998,999,1000,1001,1014,1015,1016,1017,1054,1055,1056,1057,1079,1080,1081,1085,1086,1087,1097,1098,1099,1100,1101,1102,1148,1149,1150,1157,1158,1159,1166,1167,1168,1169,1170,1171,1202,1203,1204,1220,1221,1222,1226,1227,1240,1241,1242,1243,1244,1245,1252,1253,1254]	1	[1290]
8427	3	1	0.19518240704201162	134	[42,43,44,45,46,47,157,158,159,160,161,162,178,179,180,181,182,183,184,185,186,187,269,270,271,272,273,294,295,296,297,298,344,345,346,347,348,377,378,379,380,750,751,752,753,758,759,760,761,774,775,776,777,798,799,800,801,810,811,812,813,838,839,840,841,850,851,852,853,930,931,932,933,938,939,940,941,974,975,976,977,998,999,1000,1001,1014,1015,1016,1017,1054,1055,1056,1057,1079,1080,1081,1085,1086,1087,1097,1098,1099,1100,1101,1102,1148,1149,1150,1157,1158,1159,1166,1167,1168,1169,1170,1171,1202,1203,1204,1220,1221,1222,1226,1227,1240,1241,1242,1243,1244,1245,1252,1253,1254]	1	[1357]
8428	3	1	0.2012299030320719	134	[42,43,44,45,46,47,157,158,159,160,161,162,178,179,180,181,182,183,184,185,186,187,269,270,271,272,273,294,295,296,297,298,344,345,346,347,348,377,378,379,380,750,751,752,753,758,759,760,761,774,775,776,777,798,799,800,801,810,811,812,813,838,839,840,841,850,851,852,853,930,931,932,933,938,939,940,941,974,975,976,977,998,999,1000,1001,1014,1015,1016,1017,1054,1055,1056,1057,1079,1080,1081,1085,1086,1087,1097,1098,1099,1100,1101,1102,1148,1149,1150,1157,1158,1159,1166,1167,1168,1169,1170,1171,1202,1203,1204,1220,1221,1222,1226,1227,1240,1241,1242,1243,1244,1245,1252,1253,1254]	1	[1358]
8429	3	1	0.1985382050042972	134	[42,43,44,45,46,47,157,158,159,160,161,162,178,179,180,181,182,183,184,185,186,187,269,270,271,272,273,294,295,296,297,298,344,345,346,347,348,377,378,379,380,750,751,752,753,758,759,760,761,774,775,776,777,798,799,800,801,810,811,812,813,838,839,840,841,850,851,852,853,930,931,932,933,938,939,940,941,974,975,976,977,998,999,1000,1001,1014,1015,1016,1017,1054,1055,1056,1057,1079,1080,1081,1085,1086,1087,1097,1098,1099,1100,1101,1102,1148,1149,1150,1157,1158,1159,1166,1167,1168,1169,1170,1171,1202,1203,1204,1220,1221,1222,1226,1227,1240,1241,1242,1243,1244,1245,1252,1253,1254]	1	[1359]
8430	3	1	0.19733785395510495	134	[42,43,44,45,46,47,157,158,159,160,161,162,178,179,180,181,182,183,184,185,186,187,269,270,271,272,273,294,295,296,297,298,344,345,346,347,348,377,378,379,380,750,751,752,753,758,759,760,761,774,775,776,777,798,799,800,801,810,811,812,813,838,839,840,841,850,851,852,853,930,931,932,933,938,939,940,941,974,975,976,977,998,999,1000,1001,1014,1015,1016,1017,1054,1055,1056,1057,1079,1080,1081,1085,1086,1087,1097,1098,1099,1100,1101,1102,1148,1149,1150,1157,1158,1159,1166,1167,1168,1169,1170,1171,1202,1203,1204,1220,1221,1222,1226,1227,1240,1241,1242,1243,1244,1245,1252,1253,1254]	1	[1297]
8431	3	1	0.14483233296778053	134	[42,43,44,45,46,47,157,158,159,160,161,162,178,179,180,181,182,183,184,185,186,187,269,270,271,272,273,294,295,296,297,298,344,345,346,347,348,377,378,379,380,750,751,752,753,758,759,760,761,774,775,776,777,798,799,800,801,810,811,812,813,838,839,840,841,850,851,852,853,930,931,932,933,938,939,940,941,974,975,976,977,998,999,1000,1001,1014,1015,1016,1017,1054,1055,1056,1057,1079,1080,1081,1085,1086,1087,1097,1098,1099,1100,1101,1102,1148,1149,1150,1157,1158,1159,1166,1167,1168,1169,1170,1171,1202,1203,1204,1220,1221,1222,1226,1227,1240,1241,1242,1243,1244,1245,1252,1253,1254]	1	[1343]
8432	3	1	0.1623115740949288	134	[42,43,44,45,46,47,157,158,159,160,161,162,178,179,180,181,182,183,184,185,186,187,269,270,271,272,273,294,295,296,297,298,344,345,346,347,348,377,378,379,380,750,751,752,753,758,759,760,761,774,775,776,777,798,799,800,801,810,811,812,813,838,839,840,841,850,851,852,853,930,931,932,933,938,939,940,941,974,975,976,977,998,999,1000,1001,1014,1015,1016,1017,1054,1055,1056,1057,1079,1080,1081,1085,1086,1087,1097,1098,1099,1100,1101,1102,1148,1149,1150,1157,1158,1159,1166,1167,1168,1169,1170,1171,1202,1203,1204,1220,1221,1222,1226,1227,1240,1241,1242,1243,1244,1245,1252,1253,1254]	1	[1360]
8433	3	1	0.14559962798375636	134	[42,43,44,45,46,47,157,158,159,160,161,162,178,179,180,181,182,183,184,185,186,187,269,270,271,272,273,294,295,296,297,298,344,345,346,347,348,377,378,379,380,750,751,752,753,758,759,760,761,774,775,776,777,798,799,800,801,810,811,812,813,838,839,840,841,850,851,852,853,930,931,932,933,938,939,940,941,974,975,976,977,998,999,1000,1001,1014,1015,1016,1017,1054,1055,1056,1057,1079,1080,1081,1085,1086,1087,1097,1098,1099,1100,1101,1102,1148,1149,1150,1157,1158,1159,1166,1167,1168,1169,1170,1171,1202,1203,1204,1220,1221,1222,1226,1227,1240,1241,1242,1243,1244,1245,1252,1253,1254]	1	[1361]
8434	3	1	0.1454008180880919	134	[42,43,44,45,46,47,157,158,159,160,161,162,178,179,180,181,182,183,184,185,186,187,269,270,271,272,273,294,295,296,297,298,344,345,346,347,348,377,378,379,380,750,751,752,753,758,759,760,761,774,775,776,777,798,799,800,801,810,811,812,813,838,839,840,841,850,851,852,853,930,931,932,933,938,939,940,941,974,975,976,977,998,999,1000,1001,1014,1015,1016,1017,1054,1055,1056,1057,1079,1080,1081,1085,1086,1087,1097,1098,1099,1100,1101,1102,1148,1149,1150,1157,1158,1159,1166,1167,1168,1169,1170,1171,1202,1203,1204,1220,1221,1222,1226,1227,1240,1241,1242,1243,1244,1245,1252,1253,1254]	1	[1362]
8435	3	1	0.1524451820878312	134	[42,43,44,45,46,47,157,158,159,160,161,162,178,179,180,181,182,183,184,185,186,187,269,270,271,272,273,294,295,296,297,298,344,345,346,347,348,377,378,379,380,750,751,752,753,758,759,760,761,774,775,776,777,798,799,800,801,810,811,812,813,838,839,840,841,850,851,852,853,930,931,932,933,938,939,940,941,974,975,976,977,998,999,1000,1001,1014,1015,1016,1017,1054,1055,1056,1057,1079,1080,1081,1085,1086,1087,1097,1098,1099,1100,1101,1102,1148,1149,1150,1157,1158,1159,1166,1167,1168,1169,1170,1171,1202,1203,1204,1220,1221,1222,1226,1227,1240,1241,1242,1243,1244,1245,1252,1253,1254]	1	[1363]
8436	3	1	0.14282648300286382	134	[42,43,44,45,46,47,157,158,159,160,161,162,178,179,180,181,182,183,184,185,186,187,269,270,271,272,273,294,295,296,297,298,344,345,346,347,348,377,378,379,380,750,751,752,753,758,759,760,761,774,775,776,777,798,799,800,801,810,811,812,813,838,839,840,841,850,851,852,853,930,931,932,933,938,939,940,941,974,975,976,977,998,999,1000,1001,1014,1015,1016,1017,1054,1055,1056,1057,1079,1080,1081,1085,1086,1087,1097,1098,1099,1100,1101,1102,1148,1149,1150,1157,1158,1159,1166,1167,1168,1169,1170,1171,1202,1203,1204,1220,1221,1222,1226,1227,1240,1241,1242,1243,1244,1245,1252,1253,1254]	1	[1330]
8437	3	1	0.15105273306835443	134	[42,43,44,45,46,47,157,158,159,160,161,162,178,179,180,181,182,183,184,185,186,187,269,270,271,272,273,294,295,296,297,298,344,345,346,347,348,377,378,379,380,750,751,752,753,758,759,760,761,774,775,776,777,798,799,800,801,810,811,812,813,838,839,840,841,850,851,852,853,930,931,932,933,938,939,940,941,974,975,976,977,998,999,1000,1001,1014,1015,1016,1017,1054,1055,1056,1057,1079,1080,1081,1085,1086,1087,1097,1098,1099,1100,1101,1102,1148,1149,1150,1157,1158,1159,1166,1167,1168,1169,1170,1171,1202,1203,1204,1220,1221,1222,1226,1227,1240,1241,1242,1243,1244,1245,1252,1253,1254]	1	[1331]
8438	3	1	0.14245167199987918	134	[42,43,44,45,46,47,157,158,159,160,161,162,178,179,180,181,182,183,184,185,186,187,269,270,271,272,273,294,295,296,297,298,344,345,346,347,348,377,378,379,380,750,751,752,753,758,759,760,761,774,775,776,777,798,799,800,801,810,811,812,813,838,839,840,841,850,851,852,853,930,931,932,933,938,939,940,941,974,975,976,977,998,999,1000,1001,1014,1015,1016,1017,1054,1055,1056,1057,1079,1080,1081,1085,1086,1087,1097,1098,1099,1100,1101,1102,1148,1149,1150,1157,1158,1159,1166,1167,1168,1169,1170,1171,1202,1203,1204,1220,1221,1222,1226,1227,1240,1241,1242,1243,1244,1245,1252,1253,1254]	1	[1347]
8439	3	1	0.1421762660611421	134	[42,43,44,45,46,47,157,158,159,160,161,162,178,179,180,181,182,183,184,185,186,187,269,270,271,272,273,294,295,296,297,298,344,345,346,347,348,377,378,379,380,750,751,752,753,758,759,760,761,774,775,776,777,798,799,800,801,810,811,812,813,838,839,840,841,850,851,852,853,930,931,932,933,938,939,940,941,974,975,976,977,998,999,1000,1001,1014,1015,1016,1017,1054,1055,1056,1057,1079,1080,1081,1085,1086,1087,1097,1098,1099,1100,1101,1102,1148,1149,1150,1157,1158,1159,1166,1167,1168,1169,1170,1171,1202,1203,1204,1220,1221,1222,1226,1227,1240,1241,1242,1243,1244,1245,1252,1253,1254]	1	[1364]
8440	3	1	0.15126931096892804	134	[42,43,44,45,46,47,157,158,159,160,161,162,178,179,180,181,182,183,184,185,186,187,269,270,271,272,273,294,295,296,297,298,344,345,346,347,348,377,378,379,380,750,751,752,753,758,759,760,761,774,775,776,777,798,799,800,801,810,811,812,813,838,839,840,841,850,851,852,853,930,931,932,933,938,939,940,941,974,975,976,977,998,999,1000,1001,1014,1015,1016,1017,1054,1055,1056,1057,1079,1080,1081,1085,1086,1087,1097,1098,1099,1100,1101,1102,1148,1149,1150,1157,1158,1159,1166,1167,1168,1169,1170,1171,1202,1203,1204,1220,1221,1222,1226,1227,1240,1241,1242,1243,1244,1245,1252,1253,1254]	1	[1365]
8441	3	1	0.09470738796517253	134	[42,43,44,45,46,47,157,158,159,160,161,162,178,179,180,181,182,183,184,185,186,187,269,270,271,272,273,294,295,296,297,298,344,345,346,347,348,377,378,379,380,750,751,752,753,758,759,760,761,774,775,776,777,798,799,800,801,810,811,812,813,838,839,840,841,850,851,852,853,930,931,932,933,938,939,940,941,974,975,976,977,998,999,1000,1001,1014,1015,1016,1017,1054,1055,1056,1057,1079,1080,1081,1085,1086,1087,1097,1098,1099,1100,1101,1102,1148,1149,1150,1157,1158,1159,1166,1167,1168,1169,1170,1171,1202,1203,1204,1220,1221,1222,1226,1227,1240,1241,1242,1243,1244,1245,1252,1253,1254]	1	[1301]
8442	3	1	0.14522022299934179	134	[42,43,44,45,46,47,157,158,159,160,161,162,178,179,180,181,182,183,184,185,186,187,269,270,271,272,273,294,295,296,297,298,344,345,346,347,348,377,378,379,380,750,751,752,753,758,759,760,761,774,775,776,777,798,799,800,801,810,811,812,813,838,839,840,841,850,851,852,853,930,931,932,933,938,939,940,941,974,975,976,977,998,999,1000,1001,1014,1015,1016,1017,1054,1055,1056,1057,1079,1080,1081,1085,1086,1087,1097,1098,1099,1100,1101,1102,1148,1149,1150,1157,1158,1159,1166,1167,1168,1169,1170,1171,1202,1203,1204,1220,1221,1222,1226,1227,1240,1241,1242,1243,1244,1245,1252,1253,1254]	1	[1348]
8443	3	1	0.14187962305732071	134	[42,43,44,45,46,47,157,158,159,160,161,162,178,179,180,181,182,183,184,185,186,187,269,270,271,272,273,294,295,296,297,298,344,345,346,347,348,377,378,379,380,750,751,752,753,758,759,760,761,774,775,776,777,798,799,800,801,810,811,812,813,838,839,840,841,850,851,852,853,930,931,932,933,938,939,940,941,974,975,976,977,998,999,1000,1001,1014,1015,1016,1017,1054,1055,1056,1057,1079,1080,1081,1085,1086,1087,1097,1098,1099,1100,1101,1102,1148,1149,1150,1157,1158,1159,1166,1167,1168,1169,1170,1171,1202,1203,1204,1220,1221,1222,1226,1227,1240,1241,1242,1243,1244,1245,1252,1253,1254]	1	[1302]
8444	3	1	0.14294920198153704	134	[42,43,44,45,46,47,157,158,159,160,161,162,178,179,180,181,182,183,184,185,186,187,269,270,271,272,273,294,295,296,297,298,344,345,346,347,348,377,378,379,380,750,751,752,753,758,759,760,761,774,775,776,777,798,799,800,801,810,811,812,813,838,839,840,841,850,851,852,853,930,931,932,933,938,939,940,941,974,975,976,977,998,999,1000,1001,1014,1015,1016,1017,1054,1055,1056,1057,1079,1080,1081,1085,1086,1087,1097,1098,1099,1100,1101,1102,1148,1149,1150,1157,1158,1159,1166,1167,1168,1169,1170,1171,1202,1203,1204,1220,1221,1222,1226,1227,1240,1241,1242,1243,1244,1245,1252,1253,1254]	1	[1349]
8445	4	1	0.0009399149566888809	35	[92,196,200,201,406,411,421,428,1282,1290,1297,1301,1302,1330,1331,1337,1343,1347,1348,1349,1351,1352,1353,1354,1355,1356,1357,1358,1359,1360,1361,1362,1363,1364,1365]	1	[1366]

#<data_id> <data_size> <read_time_avg> <write_time_avg> <is_static> <n_source_devices> [<device_id>...]
21	2439	0.1783205647999239	None	1	1	[denethor_bucket]
22	521	0.1594316393998838	0.05776267679996181	0	0	[denethor_bucket]
42	185	0.12211223768817833	0.06262556719997292	0	0	[denethor_bucket]
43	249	0.12317064854079185	0.05050242939995542	0	0	[denethor_bucket]
44	187	0.12211223768817833	0.04658696700005294	0	0	[denethor_bucket]
45	305	0.12776875167474638	0.05488942939995241	0	0	[denethor_bucket]
46	187	0.12211223768817833	0.04439876239996465	0	0	[denethor_bucket]
47	521	0.12974315377691198	0.04749327440003981	0	0	[denethor_bucket]
92	314	0.18427016019994655	0.15585372900000038	0	0	[denethor_bucket]
126	4105	0.06328920479991211	None	1	1	[denethor_bucket]
127	515	0.05305301100008819	0.04919120039992322	0	0	[denethor_bucket]
134	4047	0.05695035800001733	None	1	1	[denethor_bucket]
135	465	0.05433375239996394	0.04769187600006717	0	0	[denethor_bucket]
136	4012	0.07247943480012964	None	1	1	[denethor_bucket]
137	455	0.052244268999959334	0.048252519800007575	0	0	[denethor_bucket]
157	185	0.12211223768817833	0.06728940119998016	0	0	[denethor_bucket]
158	249	0.12317064854079185	0.05085311900006673	0	0	[denethor_bucket]
159	305	0.12776875167474638	0.05125638279996565	0	0	[denethor_bucket]
160	363	0.12776875167474638	0.04587946240008023	0	0	[denethor_bucket]
161	183	0.12211223768817833	0.04961885399993662	0	0	[denethor_bucket]
162	515	0.12974315377691198	0.04950507280002512	0	0	[denethor_bucket]
178	193	0.12211223768817833	0.04964956179995852	0	0	[denethor_bucket]
179	187	0.12211223768817833	0.0476247018000663	0	0	[denethor_bucket]
180	187	0.12211223768817833	0.047303579400011134	0	0	[denethor_bucket]
181	303	0.12776875167474638	0.04883392720001894	0	0	[denethor_bucket]
182	465	0.11984930817943643	0.04793525999995154	0	0	[denethor_bucket]
183	185	0.12211223768817833	0.04667427000003954	0	0	[denethor_bucket]
184	187	0.12211223768817833	0.04248791460003076	0	0	[denethor_bucket]
185	185	0.12211223768817833	0.04848703080004953	0	0	[denethor_bucket]
186	299	0.12317064854079185	0.050199488799978556	0	0	[denethor_bucket]
187	455	0.11984930817943643	0.04332582400001002	0	0	[denethor_bucket]
196	314	0.07152683660007142	0.0913756172000376	0	0	[denethor_bucket]
200	273	0.071178079199899	0.08639057899999898	0	0	[denethor_bucket]
201	273	0.06361213359995758	0.0857877174000123	0	0	[denethor_bucket]
206	4336	0.06093070099993838	None	1	1	[denethor_bucket]
207	461	0.05270277119994944	0.05469043760010663	0	0	[denethor_bucket]
216	3605	0.06553576779995182	None	1	1	[denethor_bucket]
217	456	0.06502778319991194	0.04636035539997465	0	0	[denethor_bucket]
236	2621	0.053615853799828986	None	1	1	[denethor_bucket]
237	471	0.052177261199994975	0.05437102399992	0	0	[denethor_bucket]
250	2270	0.0632132470001352	None	1	1	[denethor_bucket]
251	415	0.07021606320000728	0.04548083040006077	0	0	[denethor_bucket]
269	185	0.12211223768817833	0.05170556700001044	0	0	[denethor_bucket]
270	191	0.12211223768817833	0.043443600199873346	0	0	[denethor_bucket]
271	305	0.12776875167474638	0.04900988339999231	0	0	[denethor_bucket]
272	187	0.12211223768817833	0.046590414800016335	0	0	[denethor_bucket]
273	461	0.11984930817943643	0.049041620199921	0	0	[denethor_bucket]
294	185	0.12211223768817833	0.04989026840003135	0	0	[denethor_bucket]
295	241	0.12317064854079185	0.04676060380003264	0	0	[denethor_bucket]
296	297	0.12317064854079185	0.04845842659993878	0	0	[denethor_bucket]
297	187	0.12211223768817833	0.04398544060001086	0	0	[denethor_bucket]
298	455	0.11984930817943643	0.05416109220007002	0	0	[denethor_bucket]
344	187	0.12211223768817833	0.05411881319998884	0	0	[denethor_bucket]
345	243	0.12317064854079185	0.04815326619994949	0	0	[denethor_bucket]
346	199	0.12211223768817833	0.0481991719999769	0	0	[denethor_bucket]
347	371	0.12776875167474638	0.04981505239994704	0	0	[denethor_bucket]
348	471	0.11984930817943643	0.04800869839998541	0	0	[denethor_bucket]
377	187	0.12211223768817833	0.049861689199963165	0	0	[denethor_bucket]
378	251	0.12317064854079185	0.04789609240008304	0	0	[denethor_bucket]
379	187	0.12211223768817833	0.052622160399926086	0	0	[denethor_bucket]
380	415	0.11984930817943643	0.05074400859999741	0	0	[denethor_bucket]
406	273	0.06787961059998793	0.08672273519998726	0	0	[denethor_bucket]
411	273	0.07727720200001045	0.08224364459999833	0	0	[denethor_bucket]
421	273	0.06383553980004422	0.09173943440002859	0	0	[denethor_bucket]
428	232	0.07119518079999808	0.09158434660002968	0	0	[denethor_bucket]
442	2844	0.058237975799920606	None	1	1	[denethor_bucket]
443	407	0.0579857412000024	0.04691696819986646	0	0	[denethor_bucket]
446	5339	0.05927667539981485	None	1	1	[denethor_bucket]
447	399	0.06457523240004548	0.050904590800018926	0	0	[denethor_bucket]
454	2762	0.0514713123999627	None	1	1	[denethor_bucket]
455	405	0.06239469060003557	0.049582280600043306	0	0	[denethor_bucket]
466	3895	0.06598178859992458	None	1	1	[denethor_bucket]
467	413	0.05811564760001602	0.04688368540000738	0	0	[denethor_bucket]
472	4252	0.060894517999895474	None	1	1	[denethor_bucket]
473	413	0.05434342280007059	0.05216393980008434	0	0	[denethor_bucket]
486	4916	0.059040383800106615	None	1	1	[denethor_bucket]
487	397	0.05639283619990465	0.04691728320001403	0	0	[denethor_bucket]
492	4973	0.06013641000017742	None	1	1	[denethor_bucket]
493	411	0.050940200600052776	0.04850231140003416	0	0	[denethor_bucket]
532	5326	0.062244839799973306	None	1	1	[denethor_bucket]
533	405	0.1153809059999844	0.046922680800048515	0	0	[denethor_bucket]
536	4803	0.060388233200092144	None	1	1	[denethor_bucket]
537	405	0.06334389139996119	0.046778408199884325	0	0	[denethor_bucket]
554	3323	0.05823571359987909	None	1	1	[denethor_bucket]
555	407	0.058766454600038286	0.05138329619992419	0	0	[denethor_bucket]
566	4042	0.05659479060011563	None	1	1	[denethor_bucket]
567	399	0.060292892199936436	0.054258486000139786	0	0	[denethor_bucket]
574	2936	0.06257217040008527	None	1	1	[denethor_bucket]
575	405	0.06804511639996917	0.0633902634001288	0	0	[denethor_bucket]
594	4825	0.07093382280006609	None	1	1	[denethor_bucket]
595	403	0.062217305799958926	0.045560303599881995	0	0	[denethor_bucket]
608	3952	0.05419256799991672	None	1	1	[denethor_bucket]
609	357	0.0568976065999891	0.0460490810000465	0	0	[denethor_bucket]
612	4282	0.07096410519984601	None	1	1	[denethor_bucket]
613	357	0.06489339520004478	0.044109936200084125	0	0	[denethor_bucket]
620	3584	0.06277020640006867	None	1	1	[denethor_bucket]
621	349	0.05351959319991693	0.04932408459997078	0	0	[denethor_bucket]
622	6252	0.05250282660003904	None	1	1	[denethor_bucket]
623	349	0.056940191599983335	0.047943898200060175	0	0	[denethor_bucket]
654	4656	0.05631976580002629	None	1	1	[denethor_bucket]
655	347	0.06272966800000859	0.04941738320005697	0	0	[denethor_bucket]
660	3992	0.05956292240011862	None	1	1	[denethor_bucket]
661	355	0.0568037047999951	0.05615307659993505	0	0	[denethor_bucket]
666	5202	0.054229518800070764	None	1	1	[denethor_bucket]
667	347	0.06522958840000684	0.049689899599979985	0	0	[denethor_bucket]
668	3744	0.058862427599819966	None	1	1	[denethor_bucket]
669	347	0.05632812200001354	0.04578556220001247	0	0	[denethor_bucket]
690	5846	0.0578593476000151	None	1	1	[denethor_bucket]
691	339	0.05673669419995804	0.04812365740017412	0	0	[denethor_bucket]
702	6008	0.05364545460010959	None	1	1	[denethor_bucket]
703	347	0.058755054200059935	0.05113708759990914	0	0	[denethor_bucket]
706	2278	0.06314220519993796	None	1	1	[denethor_bucket]
707	291	0.05821604019995448	0.043531459600058046	0	0	[denethor_bucket]
716	5868	0.06599854739999955	None	1	1	[denethor_bucket]
717	347	0.055330090399934306	0.04518983719999597	0	0	[denethor_bucket]
718	3836	0.1196968261998336	None	1	1	[denethor_bucket]
719	339	0.057405261200028694	0.04869524999985515	0	0	[denethor_bucket]
724	5994	0.05537082899993493	None	1	1	[denethor_bucket]
725	355	0.11797070299999178	0.04686192640006084	0	0	[denethor_bucket]
750	187	0.12211223768817833	0.05236157479999975	0	0	[denethor_bucket]
751	185	0.12211223768817833	0.04169823200002156	0	0	[denethor_bucket]
752	245	0.12317064854079185	0.044518132800021704	0	0	[denethor_bucket]
753	407	0.11984930817943643	0.04679645539995363	0	0	[denethor_bucket]
758	187	0.12211223768817833	0.049072683600024904	0	0	[denethor_bucket]
759	185	0.12211223768817833	0.05044956780005805	0	0	[denethor_bucket]
760	241	0.12317064854079185	0.0430194723999648	0	0	[denethor_bucket]
761	399	0.12776875167474638	0.0539910189999091	0	0	[denethor_bucket]
774	187	0.12211223768817833	0.05135713060000171	0	0	[denethor_bucket]
775	185	0.12211223768817833	0.05291451839993897	0	0	[denethor_bucket]
776	243	0.12317064854079185	0.0444497378000051	0	0	[denethor_bucket]
777	405	0.11984930817943643	0.046985377799990145	0	0	[denethor_bucket]
798	187	0.12211223768817833	0.04817667899999378	0	0	[denethor_bucket]
799	193	0.12211223768817833	0.0485885140000164	0	0	[denethor_bucket]
800	243	0.12317064854079185	0.04799817400008806	0	0	[denethor_bucket]
801	413	0.11984930817943643	0.048189863599998266	0	0	[denethor_bucket]
810	193	0.12211223768817833	0.0484105291999299	0	0	[denethor_bucket]
811	187	0.12211223768817833	0.04999550980003278	0	0	[denethor_bucket]
812	243	0.12317064854079185	0.048918788000071343	0	0	[denethor_bucket]
813	413	0.11984930817943643	0.05074686440001415	0	0	[denethor_bucket]
838	185	0.12211223768817833	0.05001389020004581	0	0	[denethor_bucket]
839	241	0.12317064854079185	0.05151456239999561	0	0	[denethor_bucket]
840	187	0.12211223768817833	0.048466726199978896	0	0	[denethor_bucket]
841	397	0.12776875167474638	0.046046377200070765	0	0	[denethor_bucket]
850	191	0.12211223768817833	0.04967581819993257	0	0	[denethor_bucket]
851	249	0.12317064854079185	0.04410713659999601	0	0	[denethor_bucket]
852	185	0.12211223768817833	0.048579705800057126	0	0	[denethor_bucket]
853	411	0.11984930817943643	0.04718732380003985	0	0	[denethor_bucket]
930	187	0.12211223768817833	0.054007323000030284	0	0	[denethor_bucket]
931	185	0.12211223768817833	0.0474834174000307	0	0	[denethor_bucket]
932	243	0.12317064854079185	0.057139395000001515	0	0	[denethor_bucket]
933	405	0.11984930817943643	0.047781295599918394	0	0	[denethor_bucket]
938	185	0.12211223768817833	0.04937363299993649	0	0	[denethor_bucket]
939	185	0.12211223768817833	0.05202686019995326	0	0	[denethor_bucket]
940	243	0.12317064854079185	0.0514724557999557	0	0	[denethor_bucket]
941	405	0.11984930817943643	0.05539218500000516	0	0	[denethor_bucket]
974	185	0.12211223768817833	0.049079485800029944	0	0	[denethor_bucket]
975	187	0.12211223768817833	0.04967202339995538	0	0	[denethor_bucket]
976	245	0.12317064854079185	0.04512603280001031	0	0	[denethor_bucket]
977	407	0.11984930817943643	0.051339396000025773	0	0	[denethor_bucket]
998	185	0.12211223768817833	0.05096246220007288	0	0	[denethor_bucket]
999	241	0.12317064854079185	0.049353968800016905	0	0	[denethor_bucket]
1000	187	0.12211223768817833	0.05778409499995405	0	0	[denethor_bucket]
1001	399	0.12776875167474638	0.05197329879990775	0	0	[denethor_bucket]
1014	185	0.12211223768817833	0.049310412199974965	0	0	[denethor_bucket]
1015	187	0.12211223768817833	0.0499116239999239	0	0	[denethor_bucket]
1016	243	0.12317064854079185	0.04774477499989871	0	0	[denethor_bucket]
1017	405	0.11984930817943643	0.05150777759996572	0	0	[denethor_bucket]
1054	185	0.12211223768817833	0.05047771500003364	0	0	[denethor_bucket]
1055	185	0.12211223768817833	0.054357135000043404	0	0	[denethor_bucket]
1056	249	0.12317064854079185	0.051027404999979355	0	0	[denethor_bucket]
1057	403	0.11984930817943643	0.04835714300000973	0	0	[denethor_bucket]
1079	193	0.12211223768817833	0.052110737399971185	0	0	[denethor_bucket]
1080	193	0.12211223768817833	0.0508746245999987	0	0	[denethor_bucket]
1081	357	0.12776875167474638	0.04778051859992729	0	0	[denethor_bucket]
1085	193	0.12211223768817833	0.04838145179992353	0	0	[denethor_bucket]
1086	187	0.12211223768817833	0.05095676119993869	0	0	[denethor_bucket]
1087	357	0.12776875167474638	0.04728376120000349	0	0	[denethor_bucket]
1097	185	0.12211223768817833	0.04900447520005855	0	0	[denethor_bucket]
1098	187	0.12211223768817833	0.05068235479997157	0	0	[denethor_bucket]
1099	349	0.12776875167474638	0.04457511920002162	0	0	[denethor_bucket]
1100	185	0.12211223768817833	0.052610160999904565	0	0	[denethor_bucket]
1101	187	0.12211223768817833	0.05467324899998403	0	0	[denethor_bucket]
1102	349	0.12776875167474638	0.051507913399950665	0	0	[denethor_bucket]
1148	185	0.12211223768817833	0.04849234040002557	0	0	[denethor_bucket]
1149	249	0.12317064854079185	0.05068099920005125	0	0	[denethor_bucket]
1150	347	0.12776875167474638	0.05020698320004158	0	0	[denethor_bucket]
1157	193	0.12211223768817833	0.05104157339997073	0	0	[denethor_bucket]
1158	193	0.12211223768817833	0.04997439759997633	0	0	[denethor_bucket]
1159	355	0.12776875167474638	0.048349922599936694	0	0	[denethor_bucket]
1166	185	0.12211223768817833	0.049419748800028175	0	0	[denethor_bucket]
1167	249	0.12317064854079185	0.04915092739997817	0	0	[denethor_bucket]
1168	347	0.12776875167474638	0.05589899280000737	0	0	[denethor_bucket]
1169	185	0.12211223768817833	0.04888415040004475	0	0	[denethor_bucket]
1170	185	0.12211223768817833	0.047151604800023963	0	0	[denethor_bucket]
1171	347	0.12776875167474638	0.05139689600011934	0	0	[denethor_bucket]
1202	185	0.12211223768817833	0.05142886599999202	0	0	[denethor_bucket]
1203	185	0.12211223768817833	0.051227001600000224	0	0	[denethor_bucket]
1204	339	0.12776875167474638	0.04542232140004217	0	0	[denethor_bucket]
1220	185	0.12211223768817833	0.048443731199995455	0	0	[denethor_bucket]
1221	249	0.12317064854079185	0.05299397899998439	0	0	[denethor_bucket]
1222	347	0.12776875167474638	0.05251677999999629	0	0	[denethor_bucket]
1226	185	0.12211223768817833	0.04845905820000098	0	0	[denethor_bucket]
1227	291	0.12317064854079185	0.05027814299996863	0	0	[denethor_bucket]
1240	193	0.12211223768817833	0.049006040600011146	0	0	[denethor_bucket]
1241	185	0.12211223768817833	0.05027049120001266	0	0	[denethor_bucket]
1242	347	0.12776875167474638	0.047939078399963364	0	0	[denethor_bucket]
1243	185	0.12211223768817833	0.050566440600027816	0	0	[denethor_bucket]
1244	185	0.12211223768817833	0.05380336539994914	0	0	[denethor_bucket]
1245	339	0.12776875167474638	0.04470015240005978	0	0	[denethor_bucket]
1252	193	0.12211223768817833	0.04831141519996436	0	0	[denethor_bucket]
1253	185	0.12211223768817833	0.05167156919997069	0	0	[denethor_bucket]
1254	355	0.12776875167474638	0.04647810019998815	0	0	[denethor_bucket]
1282	232	0.06614177800012726	0.09070978920003654	0	0	[denethor_bucket]
1290	236	0.06751880119998646	0.09058621179995044	0	0	[denethor_bucket]
1297	236	0.07024625400009654	0.08784831739999391	0	0	[denethor_bucket]
1301	152	0.05762861299999713	0.06906040840001425	0	0	[denethor_bucket]
1302	194	0.07063470040008042	0.08920932999994875	0	0	[denethor_bucket]
1330	194	0.06609357919998615	0.08667774360001204	0	0	[denethor_bucket]
1331	194	0.06787696420012708	0.08901683540000249	0	0	[denethor_bucket]
1337	232	0.06950982619994761	0.08726350720000937	0	0	[denethor_bucket]
1343	194	0.06813007960006985	0.09099559880003198	0	0	[denethor_bucket]
1347	194	0.06775858899994205	0.0985695025999803	0	0	[denethor_bucket]
1348	194	0.069577552200019	0.08850382600001012	0	0	[denethor_bucket]
1349	194	0.06572579179988906	0.08767762619997939	0	0	[denethor_bucket]
1351	232	0.062416221800077665	0.08772992860008344	0	0	[denethor_bucket]
1352	232	0.06713354019992722	0.0889775687999645	0	0	[denethor_bucket]
1353	232	0.06847170000003189	0.08606475000003684	0	0	[denethor_bucket]
1354	232	0.06184976699995559	0.0883923626000751	0	0	[denethor_bucket]
1355	232	0.07124179840006946	0.08575579259997994	0	0	[denethor_bucket]
1356	236	0.06717659779993142	0.09017746560000432	0	0	[denethor_bucket]
1357	236	0.06985304199998836	0.09323454519997086	0	0	[denethor_bucket]
1358	236	0.07068856280001228	0.08133848439999838	0	0	[denethor_bucket]
1359	236	0.07216216740012556	0.08660550140000396	0	0	[denethor_bucket]
1360	194	0.07264960839993932	0.09165907679991961	0	0	[denethor_bucket]
1361	194	0.06904909720003048	0.09114942020003128	0	0	[denethor_bucket]
1362	194	0.06893933000005177	0.08810795939998571	0	0	[denethor_bucket]
1363	194	0.06866681059996722	0.08809306860005109	0	0	[denethor_bucket]
1364	194	0.06374134380002942	0.09366166739996516	0	0	[denethor_bucket]
1365	194	0.06815238699991824	0.08733810820001509	0	0	[denethor_bucket]
1366	6863	None	0.07304085959990517	0	0	[denethor_bucket]

#<vm1_cpu_slowdown> <vm2_cpu_slowdown> ... <vm_n_cpu_slowdown>
1.00	0.50	0.25	0.125	0.03125

#<vm1_storage> <vm2_storage> ... <vm_n_storage>
8192	8192	8192	8192	8192

#<vm1_cost> <vm2_cost> ... <vm_n_cost>
0.0000051670	0.0000206670	0.0000826720	0.0001653330	0.0006800000

#<vm_id> <bandwidth>
1	1250
2	1250
3	5000
4	5000
5	12500

#<task_id> <activity_id> <conf_id> <task_cost> <task_time_duration> <task_time_init> <task_time_cpu> <task_time_read> <task_time_write> <task_count>
24	1	1	0.00000207369125	0.89937	0.8178300000000001	0.4256727810001404	0.376885171999902	0.0968120469999576	1
24	1	2	0.0000023818377	0.52364	0.77447	0.27012983600036444	0.19954621699980635	0.053963946999829204	1
24	1	3	0.00000312783919	0.35134	0.8358300000000001	0.1796327440000094	0.13011727999992218	0.04158997600006842	1
24	1	4	0.00000485134264	0.27908	0.8355	0.13924474399991693	0.0926158800000394	0.04721937600004367	1
24	1	5	0.00000937868502	0.27536	0.82259	0.13369368700014037	0.0924382749999495	0.04922803799991016	1
34	2	1	0.0000020989413	0.91149	0.82414	0.13483521000004772	0.32989536999997426	0.44675941999997804	1
34	2	2	0.00000273488007	0.60837	0.80025	0.10710536000018249	0.1733710799999244	0.3278935599998931	1
34	2	3	0.00000453575867	0.5202899999999999	0.87514	0.10703012400024363	0.12068680299989865	0.2925730729998577	1
34	2	4	0.00000727551415	0.42452999999999996	0.83402	0.10763389999987817	0.07853013999999803	0.23836596000012378	1
34	2	5	0.00001446502853	0.42795	0.87646	0.10638506000053821	0.09467480399962369	0.2268901359998381	1
734	1	1	0.00000126181462	0.5096700000000001	0.0	0.376993148999958	0.06884240600004432	0.06383444499999769	1
734	1	2	0.00000195667018	0.42160000000000003	0.0	0.2796604290009433	0.0844879159994889	0.057451654999567836	1
734	1	3	0.00000242558778	0.26707	0.0	0.17487934400004299	0.0510433300000841	0.04114732599987292	1
734	1	4	0.00000415084123	0.23705	0.0	0.14571193099998328	0.05286570999999185	0.03847235900002488	1
734	1	5	0.0000078510153	0.22953	0.0	0.12527312099989585	0.05920666199995139	0.04505021700015277	1
738	1	1	0.0000022018165	0.96087	0.0	0.8019745809999678	0.0909403639999482	0.06795505500008403	1
738	1	2	0.00000275146344	0.6123500000000001	0.0	0.5067766769995011	0.06031903900020552	0.04525428400029341	1
738	1	3	0.00000322342271	0.36281	0.0	0.27713704799990463	0.045052057000020795	0.0406208950000746	1
738	1	4	0.00000477650915	0.27459	0.0	0.19482905000007741	0.04164208199995301	0.03811886799996955	1
738	1	5	0.00000873001706	0.2559	0.0	0.16259147400012663	0.04679824799995913	0.04651027799991425	1
739	1	1	0.0000016508779	0.6964199999999999	0.0	0.503591326000116	0.1266319779999776	0.0661966959999063	1
739	1	2	0.00000206275373	0.44706	0.0	0.34066015299916996	0.062306989000717294	0.044092858000112756	1
739	1	3	0.00000274467176	0.30536	0.0	0.2109777330000992	0.052798430999928314	0.04158383599997251	1
739	1	4	0.00000422034137	0.24122000000000002	0.0	0.14993926100010113	0.051558279000005314	0.039722459999893545	1
739	1	5	0.00000904235102	0.26527	0.0	0.14650175399982754	0.06910149700001966	0.04966674900015278	1
754	2	1	0.00000159514862	0.66967	0.0	0.12493983200005584	0.07878512000002047	0.46594504799992364	1
754	2	2	0.00000216562893	0.47175	0.0	0.10886016999968706	0.04674921000014365	0.3161406200001693	1
754	2	3	0.00000367817362	0.41738000000000003	0.0	0.10518554399995708	0.05070971600002849	0.2614847400000144	1
754	2	4	0.00000758718144	0.44323	0.0	0.10519721100004654	0.04191232599998784	0.29612046299996564	1
754	2	5	0.00001301935897	0.38458	0.0	0.10515072699954005	0.0471086830002605	0.23232059000019945	1
758	2	1	0.00000139814823	0.57511	0.0	0.10502315099995974	0.08521635999994714	0.38487048900009313	1
758	2	2	0.0000017675448	0.37621	0.0	0.1048884200000511	0.04522025999995094	0.22610131999999794	1
758	2	3	0.0000031166725	0.35000000000000003	0.0	0.10457559899996341	0.04395785800011254	0.20146654299992406	1
758	2	4	0.00000603967835	0.35038	0.0	0.10451979700010713	0.047230177999949774	0.1986300249999431	1
758	2	5	0.00001188869004	0.35066	0.0	0.10494912000006679	0.05004410599985931	0.19566677400007393	1
759	2	1	0.0000013501898	0.5520900000000001	0.0	0.12411620999993318	0.09127480000000787	0.336698990000059	1
759	2	2	0.00000174221142	0.37013	0.0	0.10475091899978077	0.04378135000001748	0.22159773100020175	1
759	2	3	0.00000317617262	0.35714	0.0	0.10473061600002495	0.04301638099991578	0.20939300300005925	1
759	2	4	0.00000588851138	0.34131	0.0	0.10467031099992852	0.04284186699999282	0.19379782200007867	1
759	2	5	0.00001151402263	0.33942	0.0	0.10472795799999397	0.0403069469998627	0.19438509500014334	1
803	1	1	0.00000148931508	0.61887	0.0	0.4422029540000796	0.08902922300001137	0.08763782299990908	1
803	1	2	0.00000192262845	0.41343	0.0	0.3196435269996361	0.04649930899995525	0.047287164000408666	1
803	1	3	0.000002534838	0.28018000000000004	0.0	0.18527571400002643	0.05571862099986902	0.039185665000104564	1
803	1	4	0.00000431317489	0.24679	0.0	0.14849600600004034	0.04867549699997653	0.04961849699998311	1
803	1	5	0.00000855268337	0.25058	0.0	0.13612610599999253	0.06473085499987974	0.049723039000127756	1
808	1	1	0.00000215983725	0.94072	0.0	0.7807561800000837	0.09763115599992034	0.06233266399999593	1
808	1	2	0.00000268625497	0.5967	0.0	0.4600755480004766	0.08319232899975759	0.05343212299976585	1
808	1	3	0.00000306267239	0.34352	0.0	0.2568678579999519	0.05369535999989239	0.03295678200015573	1
808	1	4	0.00000472767572	0.27166	0.0	0.180100599999949	0.04886286700002529	0.04269653300002574	1
808	1	5	0.00000850401661	0.24912	0.0	0.16443919799990647	0.04429712700016353	0.04038367499993001	1
818	1	1	0.00000120471034	0.48226	0.0	0.3180114880000281	0.08158950099993945	0.08265901100003248	1
818	1	2	0.00000160621115	0.33749	0.0	0.22453870200126608	0.05859299499934423	0.05435830299938971	1
818	1	3	0.00000216233726	0.23548	0.0	0.15133548900002322	0.0392688739998448	0.044875637000131974	1
818	1	4	0.00000360934015	0.20456000000000002	0.0	0.11868229600007323	0.04173074099992391	0.04414696300000287	1
818	1	5	0.0000072353474	0.21106	0.0	0.11834763599986452	0.04689715800009253	0.04581520600004296	1
825	1	1	0.00000097248071	0.37079	0.0	0.2152229599999492	0.08976746400003321	0.06579957600001762	1
825	1	2	0.00000145183584	0.30044	0.0	0.1731453429993248	0.08279644200047187	0.044498215000203345	1
825	1	3	0.00000200658695	0.21678999999999998	0.0	0.1335867989999397	0.04994756800010691	0.03325563299995338	1
825	1	4	0.00000345883985	0.19553	0.0	0.11293275699999075	0.04195012200000292	0.04064712100000634	1
825	1	5	0.00000709701379	0.20691	0.0	0.11210175399981577	0.05160463900006107	0.043203607000123156	1
853	2	1	0.00000133162726	0.54318	0.0	0.13544968000001528	0.06140715999998747	0.3463231599999972	1
853	2	2	0.00000176171146	0.37481000000000003	0.0	0.10517412000010387	0.04770265999991352	0.2219332199999826	1
853	2	3	0.00000345775652	0.39093	0.0	0.10506562099996854	0.05629309000005378	0.2295712889999777	1
853	2	4	0.00000629784553	0.36587000000000003	0.0	0.10477220300006604	0.04777417799994055	0.21332361899999341	1
853	2	5	0.00001163302287	0.34299	0.0	0.10484909200103198	0.05033676799985187	0.18780413999911616	1
858	2	1	0.00000139093988	0.57165	0.0	0.11310011999997903	0.09094798000000992	0.36760190000001103	1
858	2	2	0.00000182400325	0.38976	0.0	0.10504203900015796	0.05254358999991382	0.23217437099992821	1
858	2	3	0.00000341600643	0.38592000000000004	0.0	0.10502502099990482	0.05975539999985813	0.22113957900023706	1
858	2	4	0.00000659884613	0.38393	0.0	0.10526334400018612	0.07400099799997406	0.20466565799983982	1
858	2	5	0.00001166168959	0.34385000000000004	0.0	0.10526140199979421	0.04789094799980376	0.19069765000040206	1
868	2	1	0.00000140739825	0.57955	0.0	0.12177872000002549	0.0726969199999985	0.38507435999997597	1
868	2	2	0.00000175283644	0.37268	0.0	0.10609058000005434	0.04046664899988173	0.22612277100006395	1
868	2	3	0.00000327700615	0.36924	0.0	0.1059231970000476	0.04253554700017048	0.22078125599978193	1
868	2	4	0.00000657251275	0.38235	0.0	0.10598319799990225	0.061382843000046705	0.21498395900005107	1
868	2	5	0.00001165035623	0.34351	0.0	0.10519298800075717	0.04380434699987745	0.19451266499936537	1
875	2	1	0.00000126046045	0.50902	0.0	0.1043419100000524	0.09632698000001483	0.30835110999993276	1
875	2	2	0.00000164612789	0.34707	0.0	0.10420889899975583	0.06761408000011215	0.175247021000132	1
875	2	3	0.00000340750642	0.38489999999999996	0.0	0.10441653100018118	0.09458552599994619	0.1858979429998726	1
875	2	4	0.0000054823439	0.31694	0.0	0.10452299000014631	0.04735819799998353	0.16505881199987016	1
875	2	5	0.00001088935471	0.32068	0.0	0.10441960099997931	0.04519553199997972	0.17106486700004098	1
1292	1	1	0.00000102820999	0.39754	0.0	0.26449189100009884	0.0719673569999486	0.061080751999952554	1
1292	1	2	0.00000140258574	0.28862	0.0	0.19685769900089248	0.04964386699975876	0.04211843399934878	1
1292	1	3	0.00000226458746	0.24775	0.0	0.14061242000002858	0.06580652499997086	0.04133105500000056	1
1292	1	4	0.00000384050728	0.21843	0.0	0.1203427659998958	0.053606611000077464	0.04448062300002675	1
1292	1	5	0.0000072490141	0.21147	0.0	0.11573050400014902	0.050165518999847336	0.04557397700000365	1
1294	1	1	0.00000265396324	1.1779000000000002	0.0	1.0229995419999574	0.09029178399998727	0.06460867400005554	1
1294	1	2	0.00000329733953	0.74336	0.0	0.6521873760007724	0.04641432099924714	0.044758302999980515	1
1294	1	3	0.00000387950736	0.44154000000000004	0.0	0.35365642600001146	0.04699616799985051	0.04088740600013807	1
1294	1	4	0.00000591551143	0.34293	0.0	0.2279105339999648	0.05644696199999544	0.05857250400003977	1
1294	1	5	0.0000098020192	0.28806	0.0	0.18612979100012542	0.05623414199999388	0.04569606699988071	1
1298	1	1	0.00000107083507	0.418	0.0	0.2698318840000347	0.08348259199999575	0.06468552399996952	1
1298	1	2	0.00000135862732	0.27807	0.0	0.1865481040000962	0.045478744999854825	0.046043151000048965	1
1298	1	3	0.00000195217017	0.21026	0.0	0.13089554099991052	0.03624904299999798	0.0431154160000915	1
1298	1	4	0.00000360584015	0.20435	0.0	0.11496139300006743	0.04349322299992764	0.045895384000004924	1
1298	1	5	0.00000724334742	0.21130000000000002	0.0	0.1144751129998611	0.0486529590000373	0.048171928000101616	1
1304	1	1	0.0000015181693	0.6327200000000001	0.0	0.4473783290000536	0.11728168499996627	0.0680599859999802	1
1304	1	2	0.00000185912832	0.39819	0.0	0.2864157950008352	0.06591856499926507	0.04585563999989972	1
1304	1	3	0.00000227425415	0.24891	0.0	0.172434371999747	0.043551196000180425	0.03292443200007256	1
1304	1	4	0.00000406650773	0.23199	0.0	0.1402218519999717	0.04879348600002231	0.04297466200000599	1
1304	1	5	0.00000799534892	0.23386	0.0	0.13489228199973274	0.05436401100018884	0.04460370700007843	1
1307	1	1	0.00000223648324	0.97751	0.0	0.8071721840000853	0.09681641699989996	0.07352139900001475	1
1307	1	2	0.0000027998802	0.62397	0.0	0.5254186690002741	0.054315937999490416	0.04423539300023549	1
1307	1	3	0.00000342708979	0.38725	0.0	0.28976222400002005	0.057326971000065896	0.040160804999914035	1
1307	1	4	0.00000534584363	0.30875	0.0	0.20092904899999212	0.046212174999936906	0.061608776000070975	1
1307	1	5	0.0000089843509	0.26353	0.0	0.17243558499972939	0.049801089000084175	0.041293326000186426	1
1314	1	1	0.00000179489902	0.76555	0.0	0.6188691430000215	0.08468597299997782	0.06199488400000064	1
1314	1	2	0.00000233996261	0.51359	0.0	0.4128397969993565	0.057236872000430594	0.04351333100021293	1
1314	1	3	0.00000303692234	0.34043	0.0	0.24228241399990447	0.05703771100002086	0.04110987500007468	1
1314	1	4	0.00000441967511	0.25318	0.0	0.17596656099995261	0.04170757200006392	0.03550586699998348	1
1314	1	5	0.00000894135082	0.26224000000000003	0.0	0.15524375000016175	0.054533791000039855	0.0524624589997984	1
1317	1	1	0.00000242102528	1.06609	0.0	0.9271303170000609	0.07841966900002717	0.060540013999911935	1
1317	1	2	0.00000311958917	0.7007000000000001	0.0	0.5907459559990851	0.06331767900064733	0.04663636500026769	1
1317	1	3	0.00000356184006	0.40342	0.0	0.31547162699998255	0.04669082800000979	0.04125754500000767	1
1317	1	4	0.00000544034381	0.31442000000000003	0.0	0.21380496399986437	0.05539071200007584	0.04522432400005982	1
1317	1	5	0.00000973368573	0.28601	0.0	0.18029352899994933	0.05686316200012698	0.048853308999923684	1
1337	1	1	0.00000266029659	1.18094	0.0	1.0204120290000351	0.10010203799993178	0.06042593300003318	1
1337	1	2	0.00000335542298	0.7573	0.0	0.6457699169993837	0.0637075550002919	0.04782252800032438	1
1337	1	3	0.00000365309024	0.41437	0.0	0.33266025900028684	0.04392318599980172	0.03778655499991146	1
1337	1	4	0.00000537534368	0.31051999999999996	0.0	0.21198166699992135	0.0560848119999946	0.04245352100008404	1
1337	1	5	0.00000986201932	0.28986	0.0	0.196328525000264	0.04740660799984653	0.04612486699988949	1
1339	1	1	0.00000249908793	1.1035599999999999	0.0	0.9516636219999396	0.0827405310000131	0.06915584700004729	1
1339	1	2	0.00000315913092	0.7101900000000001	0.0	0.6003276180001536	0.06854492100046627	0.04131746099938027	1
1339	1	3	0.00000385384064	0.43846	0.0	0.33623867099996907	0.06135966300007567	0.04086166599995522	1
1339	1	4	0.00000522251005	0.30135	0.0	0.21550585499999	0.04357962300002782	0.04226452199998221	1
1339	1	5	0.0000094666852	0.278	0.0	0.1919910270000655	0.04571642799987785	0.040292545000056634	1
1348	1	1	0.00000137141901	0.56228	0.0	0.3879682040000164	0.10021948799999336	0.07409230799999023	1
1348	1	2	0.00000195054517	0.42013	0.0	0.31853361600090546	0.05644354299965926	0.045152840999435284	1
1348	1	3	0.00000232975426	0.25557	0.0	0.17304983699997348	0.04261258699989412	0.039907576000132394	1
1348	1	4	0.00000417434128	0.23846	0.0	0.1457520600000316	0.04618794399993931	0.046519996000029096	1
1348	1	5	0.00000797868222	0.23336	0.0	0.13640123400005666	0.04571500599990941	0.051243760000033944	1
1354	1	1	0.00000223637907	0.9774600000000001	0.0	0.8051014350000324	0.09496283600003608	0.07739572899993163	1
1354	1	2	0.00000296254719	0.66301	0.0	0.5614304529988347	0.04613615700054652	0.05544339000061882	1
1354	1	3	0.00000328100616	0.36972000000000005	0.0	0.2854777079997737	0.041817446000095515	0.042424846000130856	1
1354	1	4	0.00000499500959	0.2877	0.0	0.19693127099995325	0.04532083399999465	0.045447895000052085	1
1354	1	5	0.0000093480183	0.27444	0.0	0.16912275000012908	0.05473667999990539	0.05058056999996552	1
1358	1	1	0.0000011679811	0.46463	0.0	0.30361230900001634	0.0998752579999973	0.06114243299998634	1
1358	1	2	0.00000157037774	0.32889	0.0	0.22450837699875467	0.06392768700061424	0.040453936000631074	1
1358	1	3	0.00000220783735	0.24094000000000002	0.0	0.15185931699997984	0.048157297999978255	0.04092338500004189	1
1358	1	4	0.00000392184078	0.22331	0.0	0.12269039399987702	0.054261811000060334	0.04635779500006265	1
1358	1	5	0.00000997101954	0.29313	0.0	0.1184174340003018	0.046638797999776216	0.12807376799992198	1
1368	1	1	0.00000224462909	0.98142	0.0	0.8348902650000554	0.08083151099992847	0.06569822400001613	1
1368	1	2	0.00000287867202	0.64288	0.0	0.5165764830004581	0.08135466200019437	0.04494885499934753	1
1368	1	3	0.00000341575643	0.38589	0.0	0.29823922700004973	0.049205108000023756	0.03844566499992652	1
1368	1	4	0.00000506934307	0.29216000000000003	0.0	0.20500334399995263	0.05224188900001536	0.03491476700003204	1
1368	1	5	0.00001029402019	0.30282	0.0	0.16799004899974382	0.09103594400016846	0.04379400700008773	1
1375	1	1	0.00000146321086	0.60634	0.0	0.4591975549999005	0.08769206300007681	0.05945038200002273	1
1375	1	2	0.00000192137844	0.41313	0.0	0.3215387580004052	0.0474905499995657	0.044100692000029085	1
1375	1	3	0.0000025174213	0.27809	0.0	0.2043262340000436	0.03911656399986896	0.03464720200008742	1
1375	1	4	0.00000411000782	0.2346	0.0	0.1511013669999098	0.046164865000037025	0.03733376800005317	1
1375	1	5	0.00000836634967	0.24499	0.0	0.13977784099992482	0.050498798000035094	0.054713361000040095	1
1377	1	1	0.00000164891956	0.69548	0.0	0.518959182999904	0.11473610300004111	0.06178471400005492	1
1377	1	2	0.00000215512891	0.46923000000000004	0.0	0.36222407300040915	0.06235128799926315	0.044654639000327734	1
1377	1	3	0.00000286983867	0.32038	0.0	0.21694212199997753	0.07076112599997941	0.03267675200004305	1
1377	1	4	0.00000433634161	0.24818	0.0	0.16348852400012465	0.047622656999919855	0.03706881899995551	1
1377	1	5	0.00000845668318	0.2477	0.0	0.14398589099993406	0.059349352000026556	0.04436475700003939	1
1381	1	1	0.00000127804382	0.51746	0.0	0.34482019500009664	0.0948638159999291	0.07777598899997429	1
1381	1	2	0.00000168916964	0.3574	0.0	0.2611813739996636	0.052301215000625234	0.04391741099971114	1
1381	1	3	0.00000265450491	0.29454	0.0	0.1762419560001427	0.07580416799987688	0.042493875999980446	1
1381	1	4	0.00000377034047	0.21422	0.0	0.12290197099996451	0.05058673799999269	0.0407312910000428	1
1381	1	5	0.00000717534728	0.20926	0.0	0.12726304899993535	0.040295094999919456	0.0417018560001452	1
1382	1	1	0.00000233915011	1.02679	0.0	0.898529811999987	0.0660204440000598	0.062239743999953134	1
1382	1	2	0.00000306296406	0.68711	0.0	0.5828204759992944	0.05824293200021202	0.04604659200049355	1
1382	1	3	0.00000346658987	0.39199	0.0	0.3064201680000808	0.04467051699998592	0.04089931499993327	1
1382	1	4	0.00000488600937	0.28116	0.0	0.2011064990000479	0.037914129000000685	0.042139371999951436	1
1382	1	5	0.00000944601849	0.27738	0.0	0.1733194210000937	0.05566611099993679	0.04839446799996949	1
1398	1	1	0.00000125152294	0.50473	0.0	0.37555720099999734	0.06506548499999099	0.06410731400001168	1
1398	1	2	0.00000172279471	0.36547	0.0	0.2504019629998718	0.06726053300008061	0.04780750400004763	1
1398	1	3	0.00000222308738	0.24277	0.0	0.16574843099981948	0.036744544000157475	0.04027702500002306	1
1398	1	4	0.00000423700807	0.24222	0.0	0.13221917699993602	0.06401534799999808	0.04598547500006589	1
1398	1	5	0.0000075813481	0.22144	0.0	0.1240174829999591	0.048512918999904286	0.04890959800013661	1
1401	1	1	0.00000180473238	0.77027	0.0	0.6169112719999426	0.08957902400004514	0.06377970400001232	1
1401	1	2	0.00000235362931	0.51687	0.0	0.42318388099973264	0.04266520400051377	0.051020914999753586	1
1401	1	3	0.00000292025544	0.32643	0.0	0.24046171699994348	0.04526252799996655	0.040705755000089994	1
1401	1	4	0.00000509484312	0.29369	0.0	0.1799523549999853	0.054542701000059424	0.059194943999955285	1
1401	1	5	0.00000964435222	0.28332999999999997	0.0	0.1515007800001277	0.06576515500000824	0.06606406499986406	1
1404	1	1	0.00000196558686	0.84748	0.0	0.7019069649999023	0.07703874900005303	0.06853428600004463	1
1404	1	2	0.00000255629638	0.56551	0.0	0.4648912409999009	0.05541588500000216	0.045202874000096926	1
1404	1	3	0.00000297975556	0.33357	0.0	0.25948913199998996	0.03612841400013167	0.037952453999878344	1
1404	1	4	0.00000482667592	0.2776	0.0	0.18030646800001943	0.04884676599999693	0.048446765999983654	1
1404	1	5	0.00000918801798	0.26964	0.0	0.16760910199993362	0.05371778000017002	0.04831311799989635	1
1405	1	1	0.00000147864839	0.61375	0.0	0.45889355300007084	0.09308572499992351	0.06177072200000566	1
1405	1	2	0.00000188925338	0.40542	0.0	0.3055501140006035	0.061118590999285516	0.038751295000110986	1
1405	1	3	0.00000264417156	0.2933	0.0	0.2041593660000679	0.04623904799996126	0.04290158599997085	1
1405	1	4	0.00000422300805	0.24138	0.0	0.15083430100009618	0.04766461700000946	0.04288108199989438	1
1405	1	5	0.00000751168129	0.21935	0.0	0.13052271699999946	0.04620415699992009	0.04262312600008045	1
1416	1	1	0.00000271840087	1.2088299999999998	0.0	1.0743881399999617	0.06809915500002717	0.06634270500001094	1
1416	1	2	0.00000343150646	0.7755599999999999	0.0	0.6748062049991445	0.05737694900017232	0.043376846000683145	1
1416	1	3	0.00000391942411	0.44633	0.0	0.35340612500000324	0.04944526799999949	0.04347860699999728	1
1416	1	4	0.00000584334462	0.3386	0.0	0.23706497299993193	0.05958875500004979	0.041946272000018325	1
1416	1	5	0.0000100646864	0.29594	0.0	0.19567953200001234	0.054786610999826735	0.04547385700016093	1
1422	1	1	0.00000255965055	1.13263	0.0	1.0048147719999687	0.06521721500007516	0.06259801299995615	1
1422	1	2	0.00000339500639	0.7667999999999999	0.0	0.6618717819998317	0.04985243300052389	0.055075784999644384	1
1422	1	3	0.00000378867384	0.43064	0.0	0.34131198600012486	0.04804056800003309	0.04128744599984202	1
1422	1	4	0.00000544984383	0.31499	0.0	0.22326004100003707	0.04743031499992867	0.04429964400003428	1
1422	1	5	0.00001027035347	0.30211000000000005	0.0	0.19199870799994403	0.057686741999987134	0.05242455000006885	1
1424	1	1	0.00000094983483	0.35992	0.0	0.2037041510000226	0.09501539600000797	0.06120045299996946	1
1424	1	2	0.00000141575243	0.29178	0.0	0.1774630989998343	0.07679979299973638	0.03751710800042929	1
1424	1	3	0.00000198008689	0.21361000000000002	0.0	0.11481768299993872	0.05702396200013027	0.041768354999931034	1
1424	1	4	0.00000316233926	0.17774	0.0	0.11036483900002736	0.033122434999995676	0.034252725999976974	1
1424	1	5	0.00000712201384	0.20766	0.0	0.11099190400019703	0.053749439999819515	0.04291865599998346	1
1429	1	1	0.00000252912966	1.11798	0.0	0.9619103010000004	0.0943593959999589	0.06171030300004077	1
1429	1	2	0.00000313588087	0.7046100000000001	0.0	0.5914046310001572	0.07082850999995571	0.04237685899988719	1
1429	1	3	0.00000364834023	0.4138	0.0	0.33651315099992535	0.04336634600008438	0.033920502999990276	1
1429	1	4	0.00000535817698	0.30949000000000004	0.0	0.21016401499993595	0.05276656000000912	0.046559425000054944	1
1429	1	5	0.00001006701973	0.29601	0.0	0.1859559790000037	0.06867192499998964	0.04138209600000664	1
1430	1	1	0.00000160677365	0.67525	0.0	0.3677623739998753	0.22638621500004774	0.08110141100007695	1
1430	1	2	0.00000214604556	0.46705	0.0	0.28424349100148977	0.14052423099929	0.04228227799922024	1
1430	1	3	0.00000263925488	0.29270999999999997	0.0	0.1669710910001076	0.08444304299996475	0.04129586599992763	1
1430	1	4	0.00000430450821	0.24627000000000002	0.0	0.1386600979999644	0.06871088200000486	0.03889902000003076	1
1430	1	5	0.00000862635019	0.25279	0.0	0.1344725650001192	0.07841975999986062	0.03989767500002017	1
1433	1	1	0.00000270929669	1.20446	0.0	1.0768815319999758	0.06660663499997099	0.060971833000053266	1
1433	1	2	0.00000361871517	0.82049	0.0	0.7215974879999797	0.054140647999702196	0.044751864000318164	1
1433	1	3	0.00000388392403	0.44207	0.0	0.35547873700005433	0.04760428800000227	0.03898697499994341	1
1433	1	4	0.00000585501131	0.33930000000000005	0.0	0.23814293399995842	0.0583136940000486	0.042843371999992996	1
1433	1	5	0.00001015335324	0.29860000000000003	0.0	0.2016555320000531	0.050188879999950586	0.04675558799999635	1
1493	2	1	0.00000116583527	0.4636	0.0	0.13370232899997392	0.08333822100001953	0.24655945000000656	1
1493	2	2	0.00000156229439	0.32695	0.0	0.10426212000003324	0.04613298999993276	0.176554890000034	1
1493	2	3	0.0000030674224	0.34409	0.0	0.10446498499999854	0.05133645999990222	0.18828855500009922	1
1493	2	4	0.00000572301105	0.33138	0.0	0.1041732850000343	0.06867552500000329	0.1585311899999624	1
1493	2	5	0.00001026835347	0.30205000000000004	0.0	0.10466659999996483	0.04044551000015417	0.156937889999881	1
1495	2	1	0.00000123906458	0.49875	0.0	0.11868433099996764	0.09791358100000025	0.2821520880000321	1
1495	2	2	0.00000170612801	0.36147	0.0	0.10424598000003311	0.05238136000002669	0.20484265999994022	1
1495	2	3	0.00000304425569	0.34131	0.0	0.1044854850001471	0.051648943999907715	0.1851755709999452	1
1495	2	4	0.00000524067675	0.30244	0.0	0.10460895799981103	0.043360285000062504	0.15447075700012647	1
1495	2	5	0.00001151935597	0.33958	0.0	0.1059853700000295	0.07757199200023024	0.15602263799974025	1
1499	2	1	0.00000120298117	0.48143	0.0	0.11699694099997913	0.09977336899999045	0.2646596900000304	1
1499	2	2	0.00000184275329	0.39426	0.0	0.10438055999995027	0.05938543000002028	0.23049401000002945	1
1499	2	3	0.00000295167217	0.3302	0.0	0.10448396799996335	0.057113260000051014	0.16860277199998563	1
1499	2	4	0.00000535134364	0.30907999999999997	0.0	0.10447541500014364	0.045509266999943065	0.15909531799991328	1
1499	2	5	0.00001054735403	0.31042000000000003	0.0	0.10454584000010612	0.05019212700017306	0.15568203299972083	1
1505	2	1	0.00000121314786	0.48631	0.0	0.1173791289999113	0.08533394100004443	0.28359693000004427	1
1505	2	2	0.0000016017528	0.33642	0.0	0.112593480000125	0.052952989999994315	0.1708735299998807	1
1505	2	3	0.00000293317213	0.32798000000000005	0.0	0.10450673099942151	0.048099276000129976	0.17537399300044854	1
1505	2	4	0.00000573501107	0.3321	0.0	0.10423741299999585	0.04953965899994728	0.1783229280000569	1
1505	2	5	0.00001075535444	0.31666000000000005	0.0	0.10540885599998381	0.05465237199996409	0.15659877200005212	1
1508	2	1	0.00000121837704	0.48882	0.0	0.11155016000011693	0.08815391999996791	0.28911591999991515	1
1508	2	2	0.00000170329467	0.36079000000000006	0.0	0.10908146900015078	0.04963205000012749	0.20207648099972175	1
1508	2	3	0.00000285592198	0.31871	0.0	0.10467685100001194	0.041010464999999385	0.17302268399998866	1
1508	2	4	0.00000556434406	0.32186000000000003	0.0	0.10493036699982293	0.05046520899998086	0.16646442400019623	1
1508	2	5	0.00001042402045	0.30672000000000005	0.0	0.10458558199930372	0.04245547000027727	0.15967894800041904	1
1515	2	1	0.0000012330229	0.49585	0.0	0.10455248000009044	0.10196684999999661	0.28933066999991297	1
1515	2	2	0.00000155241937	0.32458	0.0	0.10504752399995965	0.048547079999934795	0.17098539600010554	1
1515	2	3	0.00000314500589	0.3534	0.0	0.10506977100025176	0.047937149999825124	0.2003930789999231	1
1515	2	4	0.00000534967697	0.30898000000000003	0.0	0.10423513199996569	0.04029840600003354	0.1644464620000008	1
1515	2	5	0.00001030468688	0.30313999999999997	0.0	0.10487313199975382	0.04321469499973318	0.155052173000513	1
1518	2	1	0.00000121421036	0.48682000000000003	0.0	0.12006223700004721	0.08592573999999331	0.28083202299995946	1
1518	2	2	0.00000159391945	0.33454	0.0	0.10451172999972465	0.045198909999953685	0.18482936000032169	1
1518	2	3	0.00000293042213	0.32765	0.0	0.10473484199979465	0.045963824000182285	0.17695133400002305	1
1518	2	4	0.00000524501009	0.30269999999999997	0.0	0.10451677600000966	0.03772821400002613	0.1604550099999642	1
1518	2	5	0.00000984401929	0.28932	0.0	0.10475349000003217	0.03988431500010847	0.14468219499985935	1
1538	2	1	0.00000148329423	0.6159800000000001	0.0	0.11385829999991119	0.2153417510000395	0.28677994900004933	1
1538	2	2	0.00000189179505	0.40603	0.0	0.10672284100009097	0.1064393999999993	0.1928677589999097	1
1538	2	3	0.00000328908951	0.37069	0.0	0.10472075999976864	0.08649186100001316	0.1794773790002182	1
1538	2	4	0.00000681201322	0.39672	0.0	0.10433292900022002	0.09394499600000472	0.1984420749997753	1
1538	2	5	0.00001199735693	0.35392	0.0	0.10474348500018271	0.07468652199986536	0.17448999299995194	1
1540	2	1	0.00000124723126	0.5026700000000001	0.0	0.10489497000006572	0.10045930999996244	0.29731571999997186	1
1540	2	2	0.0000016824613	0.35579000000000005	0.0	0.10455326900016468	0.060142350999967675	0.19109437999986767	1
1540	2	3	0.00000296675553	0.33200999999999997	0.0	0.10464571599996794	0.04746279699998013	0.17990148700005193	1
1540	2	4	0.00000599151158	0.34749	0.0	0.10439910700006953	0.05450379100000191	0.18858710199992856	1
1540	2	5	0.00001165168957	0.34355	0.0	0.1049718110006732	0.05415120799989381	0.184426980999433	1
1549	2	1	0.0000012189187	0.48908	0.0	0.11729487000002206	0.08909776000001557	0.28268736999996236	1
1549	2	2	0.0000016345862	0.3443	0.0	0.10447344000001686	0.05113066000012623	0.18869589999985692	1
1549	2	3	0.00000287758869	0.32131	0.0	0.10493082899980123	0.05098819199997706	0.1653909790002217	1
1549	2	4	0.00000558251077	0.32295	0.0	0.10473225800013478	0.056096410999998625	0.1621213309998666	1
1549	2	5	0.00001114968857	0.32849	0.0	0.10478163999972663	0.04651925000007395	0.17718911000019943	1
1555	2	1	0.00000123896041	0.4987	0.0	0.11669316999997699	0.09790463000001637	0.28410220000000663	1
1555	2	2	0.00000171366969	0.36328	0.0	0.10491767000050027	0.06887674999984483	0.18948557999965487	1
1555	2	3	0.00000336300633	0.37956	0.0	0.10476312699975876	0.04342980399997032	0.23136706900027093	1
1555	2	4	0.00000543117713	0.31387000000000004	0.0	0.1052870120001245	0.04649121700003889	0.16209177099983663	1
1555	2	5	0.00001131068889	0.33332	0.0	0.1052354360001994	0.044762059999811754	0.18332250399998884	1
1559	2	1	0.0000012340229	0.49633	0.0	0.11547316000007829	0.09572974999997541	0.2851270899999463	1
1559	2	2	0.00000178650317	0.38076	0.0	0.11720955000008848	0.06105791000004501	0.2024925399998665	1
1559	2	3	0.0000029146721	0.32576	0.0	0.10455736100021545	0.05890473199997359	0.16229790699981095	1
1559	2	4	0.00000550851062	0.31851	0.0	0.10470224099998063	0.04428312600009576	0.1695246329999236	1
1559	2	5	0.0000121313572	0.35794	0.0	0.10475916200097475	0.0802500639997561	0.17293077399926915	1
1569	2	1	0.0000012174187	0.48836	0.0	0.11554432999992048	0.08741967000003115	0.2853960000000484	1
1569	2	2	0.00000156346106	0.32723	0.0	0.10510410899986755	0.04371244999992996	0.1784134410002025	1
1569	2	3	0.00000319325599	0.35919	0.0	0.10489152100000086	0.04763057600007414	0.206667902999925	1
1569	2	4	0.0000056343442	0.32606	0.0	0.10493306499997067	0.04657443799999328	0.17455249700003606	1
1569	2	5	0.00001242135778	0.36664	0.0	0.10482345600011525	0.08574939499976608	0.17606714900011866	1
1576	2	1	0.00000112100184	0.44208	0.0	0.13762751200001874	0.10216547999999648	0.20228700799998478	1
1576	2	2	0.00000148229423	0.30775	0.0	0.10444038099996214	0.04331505000004654	0.15999456899999132	1
1576	2	3	0.00000251992131	0.27838999999999997	0.0	0.10444719600019255	0.04608835099998032	0.12785445299982712	1
1576	2	4	0.00000489450939	0.28167000000000003	0.0	0.10426719099999986	0.04578540800002884	0.13161740099997132	1
1576	2	5	0.00000965401891	0.28362	0.0	0.10441028400039534	0.04713374399989334	0.13207597199971133	1
1578	2	1	0.00000110600181	0.43488	0.0	0.11941063999999131	0.1185672400000044	0.1969021200000043	1
1578	2	2	0.00000137679402	0.28243	0.0	0.10433568999999415	0.04384765900022103	0.13424665099978483	1
1578	2	3	0.00000263142153	0.29177	0.0	0.1044637900001394	0.05960866700002043	0.12769754299984015	1
1578	2	4	0.00000485400931	0.27924	0.0	0.10427461499993593	0.04523767599994244	0.12972770900012165	1
1578	2	5	0.00001041035375	0.30631	0.0	0.10456841800038688	0.05720573400003559	0.14453584799957753	1
1582	2	1	0.0000010475017	0.4068	0.0	0.11885234799998608	0.08611935099997936	0.20182830100003457	1
1582	2	2	0.0000014182941	0.29239	0.0	0.10456687000003023	0.0490328700000191	0.13879025999995065	1
1582	2	3	0.00000261450483	0.28974	0.0	0.10456855900003416	0.048782480999989275	0.13638895999997658	1
1582	2	4	0.00000461200882	0.26472	0.0	0.10425902900009328	0.042374855999923966	0.11808611499998278	1
1582	2	5	0.00000927201814	0.27216	0.0	0.10465548200001303	0.04128840799967293	0.12621611000031407	1
1583	2	1	0.00000111262683	0.43806	0.0	0.11598934800007743	0.09725562999994963	0.22481502199997294	1
1583	2	2	0.00000150875262	0.31410000000000005	0.0	0.10581499099993527	0.045134519999919576	0.16315048900014517	1
1583	2	3	0.00000253217133	0.27986	0.0	0.1044235510002103	0.04892044700000042	0.1265160019997893	1
1583	2	4	0.00000505317637	0.29119	0.0	0.10425222100022297	0.05077176899999358	0.13616600999978345	1
1583	2	5	0.00000988501937	0.29055000000000003	0.0	0.10462231400044113	0.04261859200005347	0.14330909399950542	1
1599	2	1	0.00000112025184	0.44172000000000006	0.0	0.1170704800000201	0.1004023500000244	0.22424716999995553	1
1599	2	2	0.00000146900254	0.30456	0.0	0.1046736000002589	0.0569234099998539	0.1429629899998872	1
1599	2	3	0.00000251083796	0.2773	0.0	0.10467225399978344	0.047925473000077545	0.12470227300013903	1
1599	2	4	0.00000513400987	0.29604	0.0	0.10485397800010293	0.06317084399995565	0.12801517799994144	1
1599	2	5	0.0000094646852	0.27794	0.0	0.10573973399919982	0.04522626300013144	0.12697400300066874	1
1602	2	1	0.00000107952259	0.42217000000000005	0.0	0.10476219000015038	0.09534872999995514	0.2220590799998945	1
1602	2	2	0.00000137816902	0.28276	0.0	0.1042692400002959	0.042250490000014906	0.1362402699996892	1
1602	2	3	0.000002532838	0.27994	0.0	0.10499170800004634	0.046984992000034254	0.1279632999999194	1
1602	2	4	0.00000477717582	0.27463	0.0	0.10424507499987874	0.04242203599994809	0.12796288900017316	1
1602	2	5	0.00001000668628	0.2942	0.0	0.10458379500023438	0.05701227600002312	0.1326039289997425	1
1605	2	1	0.00000110046013	0.43222000000000005	0.0	0.10471926000010877	0.08993481999993946	0.2375659199999518	1
1605	2	2	0.00000147091921	0.30502	0.0	0.10443764999966834	0.06985149000001911	0.13073086000031253	1
1605	2	3	0.00000263933821	0.29272000000000004	0.0	0.10458850900007816	0.04775929199990969	0.1403721990000122	1
1605	2	4	0.00000519867666	0.29992	0.0	0.10441751600008314	0.06806685599997309	0.1274356279999438	1
1605	2	5	0.00000991501943	0.29145	0.0	0.10467077799995894	0.05053548400019281	0.13624373799984824	1
1606	2	1	0.00000104258502	0.40444	0.0	0.10455336999994	0.09324286000003212	0.20664377000002787	1
1606	2	2	0.00000140675241	0.28962	0.0	0.10867641999969703	0.04436604000011357	0.1365775400001894	1
1606	2	3	0.00000261192149	0.28943	0.0	0.10445867299968785	0.05378552199999831	0.13118580500031385	1
1606	2	4	0.0000048353426	0.27812000000000003	0.0	0.10450728399990669	0.04294172700008403	0.13067098900000929	1
1606	2	5	0.0000096686856	0.28406000000000003	0.0	0.10467038699976053	0.04730446099983965	0.13208515200039983	1
1617	2	1	0.00000102495998	0.39598000000000005	0.0	0.1048601300000114	0.08552630999997746	0.20559356000001117	1
1617	2	2	0.00000139650239	0.28716	0.0	0.10443490100024627	0.05283269999995355	0.1298923989998002	1
1617	2	3	0.00000242025444	0.26643	0.0	0.10453307499993543	0.04232612100008737	0.11957080399997722	1
1617	2	4	0.00000550934395	0.31856	0.0	0.10490840800009443	0.05637208199993893	0.15727950999996665	1
1617	2	5	0.00000951535196	0.27946	0.0	0.10477906999975034	0.04662625799983289	0.12805467200041676	1
1623	2	1	0.00000115308524	0.45748000000000005	0.0	0.1326472930000723	0.09734566899999209	0.22748703799993564	1
1623	2	2	0.0000014843359	0.30824	0.0	0.10517142900009663	0.04866050100008579	0.1544080699998176	1
1623	2	3	0.00000249600459	0.27552	0.0	0.10460505199998216	0.053047479000042586	0.11786746899997524	1
1623	2	4	0.00000474650909	0.27279000000000003	0.0	0.10447769599978989	0.042115357000056974	0.12619694700015316	1
1623	2	5	0.0000102353534	0.30106	0.0	0.10464080799987875	0.05260626500012222	0.14381292699999904	1
1625	2	1	0.0000009498765	0.35994	0.0	0.11824724000002192	0.09882399999992231	0.14286876000005577	1
1625	2	2	0.00000118896031	0.23735	0.0	0.1041056890002288	0.04431967999994413	0.08892463099982706	1
1625	2	3	0.00000217967063	0.23756	0.0	0.10428056400016118	0.04973554000002878	0.08354389599981005	1
1625	2	4	0.00000423834141	0.24230000000000002	0.0	0.10457473899998587	0.04749612800003433	0.09022913299997981	1
1625	2	5	0.00000832034957	0.24361000000000002	0.0	0.10478556099998185	0.05070485299984284	0.08811958600017533	1
1630	2	1	0.00000107273091	0.41891000000000006	0.0	0.12096903999999467	0.09701718899998468	0.20092377100002068	1
1630	2	2	0.00000148783591	0.30907999999999997	0.0	0.10459293800000165	0.04181956000002174	0.1626675019999766	1
1630	2	3	0.00000248583791	0.27430000000000004	0.0	0.10521403100002027	0.04117428299991843	0.1279116860000613	1
1630	2	4	0.00000479050918	0.27543	0.0	0.1054608180000684	0.050345069000059084	0.11962411299987252	1
1630	2	5	0.00000939835173	0.27595	0.0	0.10470467000030766	0.046294350999687595	0.12495097900000474	1
1631	2	1	0.00000104429336	0.40526	0.0	0.10486418999994544	0.08294053999998141	0.21745527000007314	1
1631	2	2	0.0000013833357	0.28400000000000003	0.0	0.10438080899997113	0.042565200000126424	0.13705399099990245	1
1631	2	3	0.00000261250483	0.2895	0.0	0.10479832899991562	0.05386932900000829	0.1308323420000761	1
1631	2	4	0.00000504917636	0.29095	0.0	0.10475243899991454	0.05879245300002367	0.12740510800006177	1
1631	2	5	0.00000974068575	0.28622000000000003	0.0	0.10475813499992614	0.04885878400000365	0.13260308100007023	1
1634	2	1	0.00000129104385	0.5237	0.0	0.12237380999992298	0.20281799000008505	0.19850819999999203	1
1634	2	2	0.00000180583654	0.38539999999999996	0.0	0.1094363519999846	0.11587449900002866	0.16008914899998672	1
1634	2	3	0.00000313200586	0.35184	0.0	0.10469163200010172	0.11781578699992679	0.12933258099997147	1
1634	2	4	0.00000527184348	0.30431	0.0	0.10464673600007661	0.07993226999997205	0.11973099399995135	1
1634	2	5	0.0000102990202	0.30297	0.0	0.1049125320003393	0.07341296899994632	0.12464449899971441	1
8410	3	1	0.00006943005508	33.23035997842067	0.74775	16.444264167999997	16.491939978420678	0.2941558320000013	1
8410	3	2	0.00010540116865	25.248229978420678	0.7525000000000001	8.577061190000189	16.491939978420678	0.17922880999981317	1
8410	3	3	0.00017761818799	21.290139978420676	0.80961	4.673711022999945	16.491939978420678	0.12448897700005546	1
8410	3	4	0.0003123114572	18.726649978420674	0.73802	2.1430858400000754	16.491939978420678	0.0916241599999239	1
8410	3	5	0.00060590987736	18.171259978420675	0.79451	1.5895491339997916	16.491939978420678	0.08977086600020812	1
8411	3	1	0.00007078682863	33.88160997842068	0.0	17.183760824000018	16.491939978420678	0.20590917599997738	1
8411	3	2	0.00010786946525	25.840619978420676	0.0	9.213772759999925	16.491939978420678	0.13490724000007503	1
8411	3	3	0.00017843852296	21.388579978420676	0.0	4.861129436999883	16.491939978420678	0.035510563000116235	1
8411	3	4	0.00031427546112	18.844489978420675	0.0	2.3078711699999332	16.491939978420678	0.04467883000006623	1
8411	3	5	0.00060730654682	18.213159978420677	0.0	1.6853477230000482	16.491939978420678	0.0358722769999531	1
8412	3	1	0.00006746123864	32.28532997842068	0.0	15.601292254999931	16.491939978420678	0.19209774500006915	1
8412	3	2	0.00010476633404	25.095869978420676	0.0	8.495699419000184	16.491939978420678	0.10823058099981608	1
8412	3	3	0.00017371959686	20.822309978420677	0.0	4.288319934999987	16.491939978420678	0.04205006500001218	1
8412	3	4	0.0003103619533	18.609679978420676	0.0	2.0701166099999857	16.491939978420678	0.04762339000001248	1
8412	3	5	0.00060156286867	18.040849978420678	0.0	1.5069588859999148	16.491939978420678	0.041951114000085	1
8413	3	1	0.00006700852941	32.068029978420675	0.0	15.38112221299989	16.491939978420678	0.19496778700010964	1
8413	3	2	0.00010226687071	24.495999978420677	0.0	7.896099299000091	16.491939978420678	0.10796070099991084	1
8413	3	3	0.00017172609287	20.583089978420677	0.0	4.053122134999998	16.491939978420678	0.03802786500000366	1
8413	3	4	0.00031013728618	18.596199978420678	0.0	2.0600034099999704	16.491939978420678	0.04425659000003179	1
8413	3	5	0.00060034419957	18.004289978420676	0.0	1.468624355999993	16.491939978420678	0.04372564400000556	1
8414	3	1	0.00006615644437	31.659029978420676	0.0	14.981036470000019	16.491939978420678	0.18605352999998104	1
8414	3	2	0.00010208487035	24.45231997842068	0.0	7.8360031100001075	16.491939978420678	0.12437688999989405	1
8414	3	3	0.00017278234498	20.70983997842068	0.0	4.18058043600003	16.491939978420678	0.03731956399997216	1
8414	3	4	0.00030920645099	18.540349978420675	0.0	2.0082571499999733	16.491939978420678	0.040152850000026774	1
8414	3	5	0.00060028719945	18.002579978420677	0.0	1.4649291579999373	16.491939978420678	0.04571084200006226	1
8415	3	1	0.00006634434058	31.749219978420676	0.0	15.09120785400008	16.491939978420678	0.16607214599991948	1
8415	3	2	0.00010233849585	24.513189978420677	0.0	7.913490460000039	16.491939978420678	0.10775953999996091	1
8415	3	3	0.00017390109722	20.844089978420676	0.0	4.312618125000036	16.491939978420678	0.03953187499996602	1
8415	3	4	0.00030904328399	18.530559978420676	0.0	1.9878172700000123	16.491939978420678	0.050802729999986695	1
8415	3	5	0.00060416554054	18.118929978420677	0.0	1.5799380679998432	16.491939978420678	0.04705193200015856	1
8416	3	1	0.00006661865363	31.880889978420676	0.0	15.190552980999975	16.491939978420678	0.19839701900002638	1
8416	3	2	0.00010294891374	24.659689978420676	0.0	8.039559820999942	16.491939978420678	0.12819017900005747	1
8416	3	3	0.00017371243018	20.821449978420677	0.0	4.292705026999985	16.491939978420678	0.036804973000016616	1
8416	3	4	0.00031059495376	18.623659978420676	0.0	2.0843109599999536	16.491939978420678	0.04740904000004775	1
8416	3	5	0.00060146386847	18.037879978420676	0.0	1.498044039000004	16.491939978420678	0.04789596099999471	1
8417	3	1	0.00006328725113	30.281819978420675	0.0	13.61325781600006	16.491939978420678	0.1766221839999389	1
8417	3	2	0.00009917423952	23.753769978420678	0.0	7.147894119999902	16.491939978420678	0.11393588000009913	1
8417	3	3	0.00017105059152	20.502029978420676	0.0	3.9396271630000776	16.491939978420678	0.07046283699992273	1
8417	3	4	0.00030684211292	18.398489978420677	0.0	1.8569963399999843	16.491939978420678	0.04955366000001504	1
8417	3	5	0.00059496285547	17.842849978420677	0.0	1.3035628279998273	16.491939978420678	0.04734717200017258	1
8418	3	1	0.0000633402929	30.307279978420677	0.0	13.625160626000033	16.491939978420678	0.19017937399996754	1
8418	3	2	0.00009998890782	23.949289978420676	0.0	7.353044879999836	16.491939978420678	0.10430512000016279	1
8418	3	3	0.00017077850764	20.469379978420676	0.0	3.930497562999901	16.491939978420678	0.046942437000097925	1
8418	3	4	0.00030682527956	18.397479978420677	0.0	1.851537620000072	16.491939978420678	0.05400237999992896	1
8418	3	5	0.00059508618905	17.846549978420676	0.0	1.313721775000111	16.491939978420678	0.040888224999889644	1
8419	3	1	0.00006196770682	29.648439978420676	0.0	12.980593347000031	16.491939978420678	0.17590665299997	1
8419	3	2	0.0001005434506	24.082379978420676	0.0	7.461441808999835	16.491939978420678	0.1289981910001643	1
8419	3	3	0.00017018367312	20.39799997842068	0.0	3.8624040539998297	16.491939978420678	0.04365594600017175	1
8419	3	4	0.00030631894521	18.367099978420676	0.0	1.8299190500000069	16.491939978420678	0.04524094999999306	1
8419	3	5	0.00059434185423	17.824219978420675	0.0	1.2874320969998807	16.491939978420678	0.044847903000118094	1
8420	3	1	0.00006243460359	29.87254997842068	0.0	13.189683755999978	16.491939978420678	0.19092624400002478	1
8420	3	2	0.00010013244977	23.983739978420676	0.0	7.3780294300001845	16.491939978420678	0.11377056999981505	1
8420	3	3	0.00017024300657	20.405119978420675	0.0	3.8689656730000372	16.491939978420678	0.044214326999963305	1
8420	3	4	0.00030494327579	18.284559978420674	0.0	1.7411839700000082	16.491939978420678	0.05143602999999075	1
8420	3	5	0.00059568352358	17.864469978420676	0.0	1.3279893269999703	16.491939978420678	0.04454067300002862	1
8421	3	1	0.00006288077115	30.08670997842068	0.0	13.40584629799999	16.491939978420678	0.18892370200001096	1
8421	3	2	0.00009867882187	23.634869978420678	0.0	7.023285080000073	16.491939978420678	0.11964491999992788	1
8421	3	3	0.00017143225895	20.547829978420676	0.0	4.0212230059998095	16.491939978420678	0.03466699400019024	1
8421	3	4	0.00030522344302	18.301369978420677	0.0	1.766592600000061	16.491939978420678	0.04283739999993941	1
8421	3	5	0.00059513585582	17.848039978420676	0.0	1.3118492659998828	16.491939978420678	0.0442507340001157	1
8422	3	1	0.00006348781403	30.37808997842068	0.0	13.696105085999948	16.491939978420678	0.19004491400005463	1
8422	3	2	0.00009921857295	23.764409978420677	0.0	7.156451978999828	16.491939978420678	0.11601802100017267	1
8422	3	3	0.00017124400857	20.525239978420675	0.0	3.990542424000014	16.491939978420678	0.04275757599998542	1
8422	3	4	0.00030690044637	18.401989978420676	0.0	1.8608073409999843	16.491939978420678	0.04924265900001501	1
8422	3	5	0.00059465518819	17.83361997842068	0.0	1.2977813569998526	16.491939978420678	0.043898643000147786	1
8423	3	1	0.00006361743929	30.44030997842068	0.0	13.758130837000001	16.491939978420678	0.1902391630000011	1
8423	3	2	0.00009954678194	23.843179978420675	0.0	7.246920710000077	16.491939978420678	0.10431928999992124	1
8423	3	3	0.00017103634149	20.500319978420677	0.0	3.9662743540000194	16.491939978420678	0.04210564599998179	1
8423	3	4	0.00030589844437	18.341869978420675	0.0	1.8009972999999773	16.491939978420678	0.04893270000002303	1
8423	3	5	0.0005950758557	17.846239978420677	0.0	1.3111178360000268	16.491939978420678	0.043182163999972545	1
8424	3	1	0.0000640736902	30.65930997842068	0.0	13.97427783499995	16.491939978420678	0.19309216500005277	1
8424	3	2	0.00010101649321	24.195909978420676	0.0	7.592365490999985	16.491939978420678	0.11160450900001706	1
8424	3	3	0.00016940208822	20.304209978420676	0.0	3.762208480999891	16.491939978420678	0.05006151900010991	1
8424	3	4	0.00030715644689	18.417349978420678	0.0	1.8719510200000404	16.491939978420678	0.05345897999995941	1
8424	3	5	0.0005944258544	17.826739978420676	0.0	1.2894682269999558	16.491939978420678	0.04533177300004354	1
8425	3	1	0.00006429706565	30.766529978420678	0.0	14.057992937000007	16.491939978420678	0.2165970629999947	1
8425	3	2	0.00010031245013	24.02693997842068	0.0	7.430744871000034	16.491939978420678	0.10425512899996647	1
8425	3	3	0.00016928233798	20.289839978420677	0.0	3.7592020050001085	16.491939978420678	0.038697994999893126	1
8425	3	4	0.00030739061402	18.431399978420675	0.0	1.8969546709999485	16.491939978420678	0.04250532900005055	1
8425	3	5	0.00059455318798	17.830559978420677	0.0	1.2897881879998823	16.491939978420678	0.04883181200011677	1
8426	3	1	0.00006400096089	30.624399978420676	0.0	13.946623989000008	16.491939978420678	0.18583601099999214	1
8426	3	2	0.00010007090798	23.968969978420674	0.0	7.348983930000017	16.491939978420678	0.12804606999998214	1
8426	3	3	0.00016987533917	20.36099997842068	0.0	3.826970914000196	16.491939978420678	0.04208908599980532	1
8426	3	4	0.00030710178011	18.414069978420677	0.0	1.872605689999963	16.491939978420678	0.049524310000037985	1
8426	3	5	0.00059655619199	17.890649978420676	0.0	1.3512744180000646	16.491939978420678	0.047435581999934584	1
8427	3	1	0.00006346110564	30.365269978420677	0.0	13.67813539300004	16.491939978420678	0.19519460699996216	1
8427	3	2	0.00010067661753	24.114339978420677	0.0	7.500131180000184	16.491939978420678	0.12226881999981742	1
8427	3	3	0.00016997533937	20.37299997842068	0.0	3.8336671929999504	16.491939978420678	0.04739280700005111	1
8427	3	4	0.00030731428053	18.426819978420678	0.0	1.8851102490000158	16.491939978420678	0.04976975099998526	1
8427	3	5	0.00059606919102	17.876039978420675	0.0	1.3325532589999602	16.491939978420678	0.05154674100003831	1
8428	3	1	0.00006351693909	30.392069978420675	0.0	13.737868117000069	16.491939978420678	0.16226188299992828	1
8428	3	2	0.00010004253293	23.96215997842068	0.0	7.366234159999824	16.491939978420678	0.10398584000017763	1
8428	3	3	0.00017105150819	20.502139978420676	0.0	3.9644136430000034	16.491939978420678	0.045786356999997224	1
8428	3	4	0.00030769744797	18.449809978420674	0.0	1.9108771299999454	16.491939978420678	0.0469928700000537	1
8428	3	5	0.00059613619115	17.878049978420677	0.0	1.3384445280001656	16.491939978420678	0.04766547199983506	1
8429	3	1	0.00006405004432	30.647959978420676	0.0	13.97216766200005	16.491939978420678	0.1838523379999515	1
8429	3	2	0.00009910048938	23.736069978420677	0.0	7.130433859999999	16.491939978420678	0.11369614000000183	1
8429	3	3	0.00016895125399	20.250109978420674	0.0	3.7174491949999067	16.491939978420678	0.040720805000091786	1
8429	3	4	0.00030617294492	18.358339978420677	0.0	1.8145606299999626	16.491939978420678	0.0518393700000388	1
8429	3	5	0.00059502085559	17.84458997842068	0.0	1.3097311460000656	16.491939978420678	0.04291885399993589	1
8430	3	1	0.00006429631565	30.766169978420677	0.0	14.090539490999971	16.491939978420678	0.18369050900003003	1
8430	3	2	0.00009916132283	23.750669978420675	0.0	7.134262979000127	16.491939978420678	0.12446702099987306	1
8430	3	3	0.00016990733923	20.36483997842068	0.0	3.8339452859999454	16.491939978420678	0.0389547140000559	1
8430	3	4	0.00030729978051	18.425949978420675	0.0	1.8865255200000184	16.491939978420678	0.04748447999998007	1
8430	3	5	0.00059707619303	17.90624997842068	0.0	1.3696651369999708	16.491939978420678	0.044644863000030455	1
8431	3	1	0.00006017784908	28.78930997842068	0.0	12.105725735999957	16.491939978420678	0.19164426400004686	1
8431	3	2	0.00009633277551	23.071819978420677	0.0	6.442049740000128	16.491939978420678	0.1378302599998733	1
8431	3	3	0.00016555866387	19.84299997842068	0.0	3.310573244999927	16.491939978420678	0.04048675500007448	1
8431	3	4	0.00030392627376	18.223539978420675	0.0	1.6891604799999822	16.491939978420678	0.04243952000001627	1
8431	3	5	0.00058998284551	17.693449978420674	0.0	1.1589328049998495	16.491939978420678	0.042577195000149004	1
8432	3	1	0.00006064220417	29.01219997842068	0.0	12.327612185000017	16.491939978420678	0.19264781499998662	1
8432	3	2	0.00009619698357	23.03922997842068	0.0	6.416878520000208	16.491939978420678	0.1304114799997933	1
8432	3	3	0.00016717125043	20.036509978420675	0.0	3.5039464440000994	16.491939978420678	0.04062355599990042	1
8432	3	4	0.00030509510943	18.293669978420677	0.0	1.7539297700001062	16.491939978420678	0.04780022999989342	1
8432	3	5	0.0005897758451	17.687239978420674	0.0	1.148487696999975	16.491939978420678	0.04681230300002426	1
8433	3	1	0.00006108372589	29.224129978420677	0.0	12.536090561999968	16.491939978420678	0.19609943800003293	1
8433	3	2	0.00009614615014	23.02702997842068	0.0	6.415764679999857	16.491939978420678	0.11932532000014362	1
8433	3	3	0.00016731991739	20.054349978420678	0.0	3.5177814930000295	16.491939978420678	0.04462850699997034	1
8433	3	4	0.00030331227253	18.186699978420673	0.0	1.6382637099999575	16.491939978420678	0.05649629000004097	1
8433	3	5	0.00058956784468	17.68099997842068	0.0	1.1498624540000328	16.491939978420678	0.0391975459999685	1
8434	3	1	0.00006105603833	29.21083997842068	0.0	12.521455521000048	16.491939978420678	0.1974444789999552	1
8434	3	2	0.00009619198356	23.038029978420678	0.0	6.431223760000145	16.491939978420678	0.11486623999985568	1
8434	3	3	0.00016620916517	19.921059978420676	0.0	3.39101960499987	16.491939978420678	0.03810039500012863	1
8434	3	4	0.00030375977343	18.213549978420676	0.0	1.675331211000016	16.491939978420678	0.0462787889999845	1
8434	3	5	0.0005897798451	17.687359978420673	0.0	1.1515701059999939	16.491939978420678	0.0438498940000045	1
8435	3	1	0.00006220787397	29.763719978420674	0.0	13.07870632499995	16.491939978420678	0.19307367500005057	1
8435	3	2	0.00009703711025	23.240859978420676	0.0	6.6381042299999535	16.491939978420678	0.11081577000004472	1
8435	3	3	0.00016749016773	20.074779978420676	0.0	3.543149655999936	16.491939978420678	0.039690344000064215	1
8435	3	4	0.00030538711001	18.311189978420675	0.0	1.766578549999952	16.491939978420678	0.052671450000048026	1
8435	3	5	0.00059032217952	17.703629978420675	0.0	1.167475895999951	16.491939978420678	0.04421410400004788	1
8436	3	1	0.00006083122538	29.102929978420676	0.0	12.413890450999912	16.491939978420678	0.19709954900008597	1
8436	3	2	0.000096911985	23.210829978420676	0.0	6.61522044900006	16.491939978420678	0.10366955099993902	1
8436	3	3	0.00016738800086	20.062519978420678	0.0	3.529963984999933	16.491939978420678	0.04061601500006873	1
8436	3	4	0.0003040992741	18.233919978420676	0.0	1.6940299909999668	16.491939978420678	0.04795000900003288	1
8436	3	5	0.00058925717739	17.671679978420677	0.0	1.135686406000068	16.491939978420678	0.04405359399993358	1
8437	3	1	0.00006160281026	29.473289978420674	0.0	12.775337143999968	16.491939978420678	0.2060128560000294	1
8437	3	2	0.00009691611001	23.211819978420678	0.0	6.606991109999979	16.491939978420678	0.112888890000022	1
8437	3	3	0.00016777983498	20.109539978420674	0.0	3.5752406539999866	16.491939978420678	0.04235934600001201	1
8437	3	4	0.00030446010816	18.255569978420677	0.0	1.7186036399999358	16.491939978420678	0.045026360000065324	1
8437	3	5	0.00058931551084	17.67342997842068	0.0	1.142693275000118	16.491939978420678	0.038796724999883736	1
8438	3	1	0.00006176549809	29.55137997842068	0.0	12.838275693000021	16.491939978420678	0.2211643069999809	1
8438	3	2	0.00009669673457	23.159169978420675	0.0	6.531147079999965	16.491939978420678	0.1360829200000353	1
8438	3	3	0.00016581658105	19.87394997842068	0.0	3.3432574460000177	16.491939978420678	0.03875255399998423	1
8438	3	4	0.00030524077639	18.302409978420677	0.0	1.7596720310000282	16.491939978420678	0.05079796899997291	1
8438	3	5	0.00058935217758	17.674529978420676	0.0	1.1365402370000721	16.491939978420678	0.046049762999928134	1
8439	3	1	0.00006067964175	29.030169978420677	0.0	12.330272932999948	16.491939978420678	0.20795706700005212	1
8439	3	2	0.0000959470664	22.97924997842068	0.0	6.364077540000175	16.491939978420678	0.12323245999982646	1
8439	3	3	0.00016582816441	19.875339978420676	0.0	3.337235923000044	16.491939978420678	0.046164076999957615	1
8439	3	4	0.00030353810632	18.20024997842068	0.0	1.6619798599999922	16.491939978420678	0.04633014000000912	1
8439	3	5	0.00058969184493	17.684719978420674	0.0	1.1481554070000184	16.491939978420678	0.04462459299998045	1
8440	3	1	0.00006213029048	29.726479978420677	0.0	13.055701455000039	16.491939978420678	0.17883854499996232	1
8440	3	2	0.0000968764016	23.202289978420676	0.0	6.583053829999862	16.491939978420678	0.12729617000013604	1
8440	3	3	0.00016666233274	19.975439978420678	0.0	3.44725359700005	16.491939978420678	0.03624640299995008	1
8440	3	4	0.00030421060766	18.240599978420676	0.0	1.7014229089999435	16.491939978420678	0.04723709100005635	1
8440	3	5	0.00059044117976	17.707199978420675	0.0	1.1681876680000278	16.491939978420678	0.04707233199997063	1
8441	3	1	0.00005766676072	27.583989978420675	0.0	10.906413899999988	16.491939978420678	0.18563610000001063	1
8441	3	2	0.0000929935605	22.270409978420677	0.0	5.728875709000053	16.491939978420678	0.0495942909999485	1
8441	3	3	0.00016198199005	19.413799978420677	0.0	2.886923996000027	16.491939978420678	0.034936003999973764	1
8441	3	4	0.00030030176651	18.006069978420676	0.0	1.4738725700000042	16.491939978420678	0.04025742999999693	1
8441	3	5	0.00058576683708	17.566969978420676	0.0	1.0401517829998574	16.491939978420678	0.034878217000141376	1
8442	3	1	0.00006106089251	29.213169978420677	0.0	12.533642458000154	16.491939978420678	0.1875875419998465	1
8442	3	2	0.00009582094115	22.948979978420677	0.0	6.337098689999943	16.491939978420678	0.11994131000005837	1
8442	3	3	0.00016629191534	19.930989978420676	0.0	3.3975439839999146	16.491939978420678	0.041506016000084855	1
8442	3	4	0.00030420794099	18.240439978420678	0.0	1.701771729999983	16.491939978420678	0.04672827000001689	1
8442	3	5	0.00058998484551	17.693509978420675	0.0	1.1548140079999558	16.491939978420678	0.04675599200004399	1
8443	3	1	0.00006105799667	29.211779978420676	0.0	12.52776300500002	16.491939978420678	0.19207699499997943	1
8443	3	2	0.00009549652384	22.871119978420676	0.0	6.2768563509999735	16.491939978420678	0.10232364900002722	1
8443	3	3	0.00016596633135	19.891919978420677	0.0	3.361992546000096	16.491939978420678	0.037987453999903664	1
8443	3	4	0.00030352060628	18.199199978420676	0.0	1.6387994610000551	16.491939978420678	0.06846053899994331	1
8443	3	5	0.00059007284569	17.696149978420674	0.0	1.159011987000109	16.491939978420678	0.045198012999890125	1
8444	3	1	0.00006109062174	29.227439978420676	0.0	12.54504250700006	16.491939978420678	0.19045749299993986	1
8444	3	2	0.00009602335822	22.997559978420675	0.0	6.394227930000034	16.491939978420678	0.11139206999996532	1
8444	3	3	0.00016677091629	19.988469978420675	0.0	3.4566868850000594	16.491939978420678	0.039843114999939644	1
8444	3	4	0.00030343610611	18.194129978420676	0.0	1.6526593200000235	16.491939978420678	0.04953067999997529	1
8444	3	5	0.00059001817891	17.694509978420676	0.0	1.1554052269999229	16.491939978420678	0.04716477300007682	1
8445	4	1	0.00001118437614	5.2724899999999995	0.79867	0.02284822800001075	5.108119987999969	0.14152178400001958	1
8445	4	2	0.00001044102048	2.45784	0.7958200000000001	0.01903989100079707	2.354466747999595	0.08433336099960798	1
8445	4	3	0.0000158169479	1.87403	0.81463	0.00830068099940695	1.81317988300043	0.05254943600016304	1
8445	4	4	0.0000279157221	1.66294	0.78651	0.00906688900006111	1.6125965309998946	0.041276580000044305	1
8445	4	5	0.00005571611103	1.66548	0.77155	0.009273782999000559	1.6106830800013086	0.045523136999690905	1

#<bucket_range_id> <size1_gb> <size2_gb> <cost_per_gb>
1	0	51200	0.0405
2	51200	460800	0.0390
3	460800	99999999999999	0.0370
