<Instância> 	 <Semente> 	 <Melhor_Custo> 	 <Tempo_CPU>	 <Custo_Financeiro> 	 <Tempo_Workflow>
010_T31_C5_D71_VM3.txt	 1	 0.423840552568436	 0.040555	 0.000446	 70.232860
<task_id>	 <FX/VM id>	 <Custo_fin>	 <Tempo_workflow>	 <Custo_normalizado>
1292	 1	 0.000000615	 0.118932040	 0.000682711  VM
1354	 1	 0.000000781	 0.151142099	 0.000867608  VM
1560	 3	 0.000002701	 0.300160000	 0.002009952  FX
1570	 1	 0.000001222	 0.236450984	 0.001357310  VM
731	 1	 0.000001231	 0.238258712	 0.001367687  VM
751	 1	 0.000000873	 0.168922605	 0.000969674  VM
1381	 1	 0.000000717	 0.138765401	 0.000796561  VM
1417	 2	 0.000001497	 0.311160000	 0.001758415  FX
1618	 2	 0.000003929	 0.190129569	 0.001826438  VM
1411	 3	 0.000002949	 0.329900000	 0.002204156  FX
1369	 2	 0.000002649	 0.128162334	 0.001231163  VM
1359	 2	 0.000001191	 0.237860000	 0.001355936  FX
1582	 1	 0.000000923	 0.346990000	 0.001774850  FX
864	 1	 0.000000721	 0.139465123	 0.000800578  VM
1291	 1	 0.000000871	 0.168543293	 0.000967496  VM
1612	 3	 0.000002348	 0.257740000	 0.001732946  FX
1493	 3	 0.000002644	 0.293290000	 0.001965090  FX
814	 1	 0.000000939	 0.181744141	 0.001043274  VM
1492	 2	 0.000001517	 0.316100000	 0.001785540  FX
1555	 1	 0.000001216	 0.235310731	 0.001350764  VM
11894	 3	 0.000049940	 5.968805325	 0.039026657  FX
11893	 3	 0.000050774	 6.068865325	 0.039680056  FX
11890	 3	 0.000050387	 6.022405325	 0.039376669  FX
11895	 1	 0.000019659	 9.340135325	 0.046481853  FX
11887	 3	 0.000052825	 6.314955325	 0.041287044  FX
11889	 3	 0.000050186	 5.998305325	 0.039219294  FX
11891	 1	 0.000026095	 5.050226438	 0.028990034  VM
11892	 2	 0.000030214	 7.203325325	 0.039602242  FX
11896	 2	 0.000028645	 6.826675325	 0.037534114  FX
11888	 3	 0.000051361	 6.139255325	 0.040139709  FX
11897	 1	 0.000004190	 0.810878551	 0.004654721  VM
========================================================================
020_T61_C5_D145_VM3.txt	 1	 0.402296066284180	 0.303187	 0.001714	 268.558329
<task_id>	 <FX/VM id>	 <Custo_fin>	 <Tempo_workflow>	 <Custo_normalizado>
24	 1	 0.000000615	 0.119048695	 0.000169247  VM
816	 1	 0.000000813	 0.157327192	 0.000223666  VM
826	 4	 0.000004066	 0.231950000	 0.000509934  FX
1529	 1	 0.000001380	 0.267066589	 0.000379678  VM
1329	 3	 0.000002231	 0.243750000	 0.000407596  FX
866	 2	 0.000002411	 0.116679388	 0.000279524  VM
1342	 1	 0.000000673	 0.130274125	 0.000185205  VM
1388	 1	 0.000001011	 0.389270000	 0.000490547  FX
1614	 2	 0.000004291	 0.207622888	 0.000497393  VM
731	 4	 0.000004819	 0.277130000	 0.000606813  FX
1325	 2	 0.000003163	 0.153063058	 0.000366686  VM
1618	 3	 0.000002445	 0.269440000	 0.000449230  FX
1623	 4	 0.000004565	 0.261870000	 0.000574091  FX
1323	 1	 0.000000654	 0.126482687	 0.000179815  VM
1328	 1	 0.000000710	 0.137489508	 0.000195463  VM
1301	 3	 0.000002509	 0.277130000	 0.000461692  FX
1589	 2	 0.000004364	 0.211166199	 0.000505881  VM
40	 1	 0.000000671	 0.129799822	 0.000184531  VM
1600	 1	 0.000001439	 0.278558469	 0.000396015  VM
30	 1	 0.000000858	 0.166139728	 0.000236194  VM
1359	 4	 0.000003684	 0.209010000	 0.000460744  FX
1526	 2	 0.000001778	 0.378810000	 0.000527295  FX
1597	 2	 0.000004389	 0.212387501	 0.000508807  VM
1413	 3	 0.000003499	 0.395930000	 0.000654223  FX
34	 3	 0.000003334	 0.376090000	 0.000622070  FX
1502	 3	 0.000002698	 0.299720000	 0.000498302  FX
38	 2	 0.000002632	 0.127339958	 0.000305063  VM
1417	 4	 0.000004253	 0.243170000	 0.000533993  FX
1621	 3	 0.000002565	 0.283810000	 0.000472518  FX
1530	 2	 0.000005349	 0.258841033	 0.000620094  VM
1396	 4	 0.000005613	 0.324780000	 0.000708988  FX
28	 2	 0.000005446	 0.263502685	 0.000631262  VM
751	 2	 0.000003518	 0.170207099	 0.000407757  VM
876	 1	 0.000000855	 0.165515012	 0.000235306  VM
1524	 2	 0.000005197	 0.251456693	 0.000602403  VM
1399	 3	 0.000002523	 0.278810000	 0.000464415  FX
1422	 2	 0.000005311	 0.256997043	 0.000615676  VM
1543	 2	 0.000005366	 0.259645392	 0.000622021  VM
1560	 4	 0.000005205	 0.300320000	 0.000656539  FX
1420	 2	 0.000006569	 0.317830821	 0.000761413  VM
12295	 1	 0.000055324	 10.707115592	 0.015221873  VM
12308	 4	 0.000190124	 11.395434271	 0.024447598  FX
12303	 3	 0.000107542	 12.881064271	 0.020887981  FX
12296	 2	 0.000065540	 15.681574271	 0.021320702  FX
12297	 3	 0.000106035	 12.700174271	 0.020594826  FX
12307	 1	 0.000054633	 10.573531292	 0.015031962  VM
12300	 3	 0.000106006	 12.696734271	 0.020589251  FX
12305	 1	 0.000041464	 19.806604271	 0.024332842  FX
12292	 1	 0.000055944	 10.827124411	 0.015392485  VM
12298	 2	 0.000062864	 15.039344271	 0.020448040  FX
12294	 3	 0.000110182	 13.197794271	 0.021401282  FX
12304	 2	 0.000062959	 15.062064271	 0.020478912  FX
12301	 1	 0.000054822	 10.609945662	 0.015083731  VM
12293	 1	 0.000055763	 10.792119535	 0.015342720  VM
12309	 2	 0.000060761	 14.534584271	 0.019762171  FX
12311	 1	 0.000054680	 10.582527694	 0.015044752  VM
12302	 2	 0.000062774	 15.017784271	 0.020418744  FX
12299	 3	 0.000106052	 12.702194271	 0.020598099  FX
12310	 3	 0.000105937	 12.688384271	 0.020575718  FX
12306	 1	 0.000054603	 10.567668110	 0.015023626  VM
12312	 4	 0.000016352	 0.969130000	 0.002090656  FX
========================================================================
