<Instância> 	 <Semente> 	 <Melhor_Custo> 	 <Tempo_CPU>	 <Custo_Financeiro> 	 <Tempo_Workflow>
015_T46_C5_D108_VM3.txt	 1	 0.306948846252837	 26.224853	 0.000645	 124.067266
<task_id>	 <FX/VM id>	    <Custo_fin>	      <Tempo_workflow>	          <Custo_normalizado>
1333           1            0.000000696        0.134784378                0.000332929             VM
732           1            0.000000712        0.137705281                0.000340144             VM
736           1            0.000000800        0.154862849                0.000382524             VM
1613           1            0.000001105        0.213847284                0.000528221             VM
38           1            0.000000701        0.135655066                0.000335079             VM
1424          2           0.000001266          0.255840000                0.000625655             FX
874           1            0.000001031        0.199454146                0.000492669             VM
30           1            0.000000891        0.172443996                0.000425951             VM
1351           1            0.000000662        0.128068263                0.000316339             VM
1534           1            0.000001288        0.249245606                0.000615658             VM
824           1            0.000000888        0.171785671                0.000424325             VM
1625           1            0.000000769        0.148769346                0.000367473             VM
1435           1            0.000001251        0.242073390                0.000597942             VM
1342           1            0.000001056        0.204368480                0.000504807             VM
752           1            0.000000767        0.148428104                0.000366630             VM
756           1            0.000000795        0.153909645                0.000380170             VM
1621           1            0.000000993        0.192147604                0.000474621             VM
1552           1            0.000001282        0.248172447                0.000613007             VM
1420           1            0.000002025        0.391901649                0.000968030             VM
1569           1            0.000001290        0.249754599                0.000616915             VM
1585           1            0.000001037        0.200730894                0.000495822             VM
1543           1            0.000001317        0.254834441                0.000629463             VM
1368           1            0.000000680        0.131592433                0.000325044             VM
40           1            0.000000797        0.154178154                0.000380833             VM
28           1            0.000001477        0.285816226                0.000705990             VM
1631           1            0.000001014        0.196210647                0.000484657             VM
1430          3           0.000002180          0.237570000                0.000693944             FX
1412          3           0.000002084          0.226060000                0.000661413             FX
1384           1            0.000000685        0.132664625                0.000327693             VM
1636           1            0.000001077        0.208360927                0.000514669             VM
7013           1            0.000040253        7.790486484                0.019243157             VM
7003           1            0.000040496        7.837491900                0.019359264             VM
7012           1            0.000040113        7.763314780                0.019176040             VM
7004           1            0.000040359        7.810849314                0.019293455             VM
7008           1            0.000040374        7.813903474                0.019300999             VM
7009           1            0.000040274        7.794481493                0.019253025             VM
7010           1            0.000040270        7.793724376                0.019251155             VM
7005           1            0.000040342        7.807650915                0.019285554             VM
7001           1            0.000040838        7.903659778                0.019522704             VM
7014           1            0.000040247        7.789222694                0.019240035             VM
7000           1            0.000041171        7.968046802                0.019681746             VM
7006           1            0.000040383        7.815489254                0.019304916             VM
7011           1            0.000040248        7.789477785                0.019240665             VM
7002           1            0.000040673        7.871589304                0.019443488             VM
7007           1            0.000040355        7.810171413                0.019291780             VM
7015          3           0.000006421          0.746470000                0.002132248             FX
========================================================================
015_T46_C5_D108_VM3.txt	 2	 0.306948846252837	 26.526694	 0.000645	 124.067266
<task_id>	 <FX/VM id>	    <Custo_fin>	      <Tempo_workflow>	          <Custo_normalizado>
40           1            0.000000797        0.154178154                0.000380833             VM
732           1            0.000000712        0.137705281                0.000340144             VM
736           1            0.000000800        0.154862849                0.000382524             VM
752           1            0.000000767        0.148428104                0.000366630             VM
1430          3           0.000002180          0.237570000                0.000693944             FX
1543           1            0.000001317        0.254834441                0.000629463             VM
38           1            0.000000701        0.135655066                0.000335079             VM
1534           1            0.000001288        0.249245606                0.000615658             VM
1435           1            0.000001251        0.242073390                0.000597942             VM
1368           1            0.000000680        0.131592433                0.000325044             VM
1342           1            0.000001056        0.204368480                0.000504807             VM
1333           1            0.000000696        0.134784378                0.000332929             VM
1621           1            0.000000993        0.192147604                0.000474621             VM
874           1            0.000001031        0.199454146                0.000492669             VM
1424          2           0.000001266          0.255840000                0.000625655             FX
30           1            0.000000891        0.172443996                0.000425951             VM
1631           1            0.000001014        0.196210647                0.000484657             VM
1585           1            0.000001037        0.200730894                0.000495822             VM
756           1            0.000000795        0.153909645                0.000380170             VM
1552           1            0.000001282        0.248172447                0.000613007             VM
1384           1            0.000000685        0.132664625                0.000327693             VM
1351           1            0.000000662        0.128068263                0.000316339             VM
824           1            0.000000888        0.171785671                0.000424325             VM
1636           1            0.000001077        0.208360927                0.000514669             VM
1625           1            0.000000769        0.148769346                0.000367473             VM
28           1            0.000001477        0.285816226                0.000705990             VM
1569           1            0.000001290        0.249754599                0.000616915             VM
1412          3           0.000002084          0.226060000                0.000661413             FX
1613           1            0.000001105        0.213847284                0.000528221             VM
1420           1            0.000002025        0.391901649                0.000968030             VM
7013           1            0.000040253        7.790486484                0.019243157             VM
7002           1            0.000040673        7.871589304                0.019443488             VM
7011           1            0.000040248        7.789477785                0.019240665             VM
7014           1            0.000040247        7.789222694                0.019240035             VM
7008           1            0.000040374        7.813903474                0.019300999             VM
7003           1            0.000040496        7.837491900                0.019359264             VM
7006           1            0.000040383        7.815489254                0.019304916             VM
7001           1            0.000040838        7.903659778                0.019522704             VM
7009           1            0.000040274        7.794481493                0.019253025             VM
7012           1            0.000040113        7.763314780                0.019176040             VM
7005           1            0.000040342        7.807650915                0.019285554             VM
7004           1            0.000040359        7.810849314                0.019293455             VM
7010           1            0.000040270        7.793724376                0.019251155             VM
7007           1            0.000040355        7.810171413                0.019291780             VM
7000           1            0.000041171        7.968046802                0.019681746             VM
7015          3           0.000006421          0.746470000                0.002132248             FX
========================================================================
015_T46_C5_D108_VM3.txt	 3	 0.306948846252837	 25.796566	 0.000645	 124.067266
<task_id>	 <FX/VM id>	    <Custo_fin>	      <Tempo_workflow>	          <Custo_normalizado>
736           1            0.000000800        0.154862849                0.000382524             VM
40           1            0.000000797        0.154178154                0.000380833             VM
1342           1            0.000001056        0.204368480                0.000504807             VM
28           1            0.000001477        0.285816226                0.000705990             VM
824           1            0.000000888        0.171785671                0.000424325             VM
752           1            0.000000767        0.148428104                0.000366630             VM
30           1            0.000000891        0.172443996                0.000425951             VM
1621           1            0.000000993        0.192147604                0.000474621             VM
1543           1            0.000001317        0.254834441                0.000629463             VM
874           1            0.000001031        0.199454146                0.000492669             VM
1534           1            0.000001288        0.249245606                0.000615658             VM
1430          3           0.000002180          0.237570000                0.000693944             FX
756           1            0.000000795        0.153909645                0.000380170             VM
1412          3           0.000002084          0.226060000                0.000661413             FX
1384           1            0.000000685        0.132664625                0.000327693             VM
1569           1            0.000001290        0.249754599                0.000616915             VM
1368           1            0.000000680        0.131592433                0.000325044             VM
1420           1            0.000002025        0.391901649                0.000968030             VM
1631           1            0.000001014        0.196210647                0.000484657             VM
1333           1            0.000000696        0.134784378                0.000332929             VM
732           1            0.000000712        0.137705281                0.000340144             VM
1351           1            0.000000662        0.128068263                0.000316339             VM
1613           1            0.000001105        0.213847284                0.000528221             VM
1625           1            0.000000769        0.148769346                0.000367473             VM
1636           1            0.000001077        0.208360927                0.000514669             VM
1552           1            0.000001282        0.248172447                0.000613007             VM
1585           1            0.000001037        0.200730894                0.000495822             VM
38           1            0.000000701        0.135655066                0.000335079             VM
1435           1            0.000001251        0.242073390                0.000597942             VM
1424          2           0.000001266          0.255840000                0.000625655             FX
7009           1            0.000040274        7.794481493                0.019253025             VM
7014           1            0.000040247        7.789222694                0.019240035             VM
7013           1            0.000040253        7.790486484                0.019243157             VM
7003           1            0.000040496        7.837491900                0.019359264             VM
7010           1            0.000040270        7.793724376                0.019251155             VM
7001           1            0.000040838        7.903659778                0.019522704             VM
7000           1            0.000041171        7.968046802                0.019681746             VM
7012           1            0.000040113        7.763314780                0.019176040             VM
7006           1            0.000040383        7.815489254                0.019304916             VM
7002           1            0.000040673        7.871589304                0.019443488             VM
7005           1            0.000040342        7.807650915                0.019285554             VM
7007           1            0.000040355        7.810171413                0.019291780             VM
7011           1            0.000040248        7.789477785                0.019240665             VM
7004           1            0.000040359        7.810849314                0.019293455             VM
7008           1            0.000040374        7.813903474                0.019300999             VM
7015          3           0.000006421          0.746470000                0.002132248             FX
========================================================================
015_T46_C5_D108_VM3.txt	 4	 0.306948846252837	 26.266011	 0.000645	 124.067266
<task_id>	 <FX/VM id>	    <Custo_fin>	      <Tempo_workflow>	          <Custo_normalizado>
1342           1            0.000001056        0.204368480                0.000504807             VM
1621           1            0.000000993        0.192147604                0.000474621             VM
38           1            0.000000701        0.135655066                0.000335079             VM
732           1            0.000000712        0.137705281                0.000340144             VM
1333           1            0.000000696        0.134784378                0.000332929             VM
1435           1            0.000001251        0.242073390                0.000597942             VM
1351           1            0.000000662        0.128068263                0.000316339             VM
756           1            0.000000795        0.153909645                0.000380170             VM
1424          2           0.000001266          0.255840000                0.000625655             FX
874           1            0.000001031        0.199454146                0.000492669             VM
736           1            0.000000800        0.154862849                0.000382524             VM
1585           1            0.000001037        0.200730894                0.000495822             VM
1534           1            0.000001288        0.249245606                0.000615658             VM
1368           1            0.000000680        0.131592433                0.000325044             VM
1613           1            0.000001105        0.213847284                0.000528221             VM
1384           1            0.000000685        0.132664625                0.000327693             VM
40           1            0.000000797        0.154178154                0.000380833             VM
1552           1            0.000001282        0.248172447                0.000613007             VM
1631           1            0.000001014        0.196210647                0.000484657             VM
752           1            0.000000767        0.148428104                0.000366630             VM
824           1            0.000000888        0.171785671                0.000424325             VM
1625           1            0.000000769        0.148769346                0.000367473             VM
1543           1            0.000001317        0.254834441                0.000629463             VM
28           1            0.000001477        0.285816226                0.000705990             VM
30           1            0.000000891        0.172443996                0.000425951             VM
1569           1            0.000001290        0.249754599                0.000616915             VM
1412          3           0.000002084          0.226060000                0.000661413             FX
1430          3           0.000002180          0.237570000                0.000693944             FX
1636           1            0.000001077        0.208360927                0.000514669             VM
1420           1            0.000002025        0.391901649                0.000968030             VM
7002           1            0.000040673        7.871589304                0.019443488             VM
7008           1            0.000040374        7.813903474                0.019300999             VM
7011           1            0.000040248        7.789477785                0.019240665             VM
7010           1            0.000040270        7.793724376                0.019251155             VM
7012           1            0.000040113        7.763314780                0.019176040             VM
7009           1            0.000040274        7.794481493                0.019253025             VM
7013           1            0.000040253        7.790486484                0.019243157             VM
7000           1            0.000041171        7.968046802                0.019681746             VM
7007           1            0.000040355        7.810171413                0.019291780             VM
7005           1            0.000040342        7.807650915                0.019285554             VM
7014           1            0.000040247        7.789222694                0.019240035             VM
7001           1            0.000040838        7.903659778                0.019522704             VM
7004           1            0.000040359        7.810849314                0.019293455             VM
7003           1            0.000040496        7.837491900                0.019359264             VM
7006           1            0.000040383        7.815489254                0.019304916             VM
7015          3           0.000006421          0.746470000                0.002132248             FX
========================================================================
015_T46_C5_D108_VM3.txt	 5	 0.306948846252837	 26.286058	 0.000645	 124.067266
<task_id>	 <FX/VM id>	    <Custo_fin>	      <Tempo_workflow>	          <Custo_normalizado>
1342           1            0.000001056        0.204368480                0.000504807             VM
1621           1            0.000000993        0.192147604                0.000474621             VM
736           1            0.000000800        0.154862849                0.000382524             VM
824           1            0.000000888        0.171785671                0.000424325             VM
732           1            0.000000712        0.137705281                0.000340144             VM
1368           1            0.000000680        0.131592433                0.000325044             VM
1435           1            0.000001251        0.242073390                0.000597942             VM
40           1            0.000000797        0.154178154                0.000380833             VM
752           1            0.000000767        0.148428104                0.000366630             VM
756           1            0.000000795        0.153909645                0.000380170             VM
1534           1            0.000001288        0.249245606                0.000615658             VM
38           1            0.000000701        0.135655066                0.000335079             VM
874           1            0.000001031        0.199454146                0.000492669             VM
1424          2           0.000001266          0.255840000                0.000000000             FX
28           1            0.000001477        0.285816226                0.000705990             VM
1430          3           0.000002180          0.237570000                0.000693944             FX
1631           1            0.000001014        0.196210647                0.000484657             VM
1552           1            0.000001282        0.248172447                0.000613007             VM
1543           1            0.000001317        0.254834441                0.000629463             VM
30           1            0.000000891        0.172443996                0.000425951             VM
1585           1            0.000001037        0.200730894                0.000495822             VM
1333           1            0.000000696        0.134784378                0.000332929             VM
1569           1            0.000001290        0.249754599                0.000616915             VM
1420           1            0.000002025        0.391901649                0.000968030             VM
1351           1            0.000000662        0.128068263                0.000316339             VM
1613           1            0.000001105        0.213847284                0.000528221             VM
1625           1            0.000000769        0.148769346                0.000367473             VM
1384           1            0.000000685        0.132664625                0.000327693             VM
1636           1            0.000001077        0.208360927                0.000514669             VM
1412          3           0.000002084          0.226060000                0.000661413             FX
7012           1            0.000040113        7.763314780                0.019176040             VM
7011           1            0.000040248        7.789477785                0.019240665             VM
7013           1            0.000040253        7.790486484                0.019243157             VM
7002           1            0.000040673        7.871589304                0.019443488             VM
7014           1            0.000040247        7.789222694                0.019240035             VM
7005           1            0.000040342        7.807650915                0.019285554             VM
7008           1            0.000040374        7.813903474                0.019300999             VM
7004           1            0.000040359        7.810849314                0.019293455             VM
7006           1            0.000040383        7.815489254                0.019304916             VM
7009           1            0.000040274        7.794481493                0.019253025             VM
7007           1            0.000040355        7.810171413                0.019291780             VM
7001           1            0.000040838        7.903659778                0.019522704             VM
7000           1            0.000041171        7.968046802                0.019681746             VM
7010           1            0.000040270        7.793724376                0.019251155             VM
7003           1            0.000040496        7.837491900                0.019359264             VM
7015          3           0.000006421          0.746470000                0.002132248             FX
========================================================================
015_T46_C5_D108_VM3.txt	 6	 0.306948846252837	 26.165294	 0.000645	 124.067266
<task_id>	 <FX/VM id>	    <Custo_fin>	      <Tempo_workflow>	          <Custo_normalizado>
1351           1            0.000000662        0.128068263                0.000316339             VM
824           1            0.000000888        0.171785671                0.000424325             VM
756           1            0.000000795        0.153909645                0.000380170             VM
1625           1            0.000000769        0.148769346                0.000367473             VM
1569           1            0.000001290        0.249754599                0.000616915             VM
30           1            0.000000891        0.172443996                0.000425951             VM
874           1            0.000001031        0.199454146                0.000492669             VM
1368           1            0.000000680        0.131592433                0.000325044             VM
1585           1            0.000001037        0.200730894                0.000495822             VM
38           1            0.000000701        0.135655066                0.000335079             VM
1552           1            0.000001282        0.248172447                0.000613007             VM
1384           1            0.000000685        0.132664625                0.000327693             VM
736           1            0.000000800        0.154862849                0.000382524             VM
28           1            0.000001477        0.285816226                0.000705990             VM
1636           1            0.000001077        0.208360927                0.000514669             VM
1534           1            0.000001288        0.249245606                0.000615658             VM
1420           1            0.000002025        0.391901649                0.000968030             VM
1333           1            0.000000696        0.134784378                0.000332929             VM
1424          2           0.000001266          0.255840000                0.000625655             FX
1342           1            0.000001056        0.204368480                0.000504807             VM
752           1            0.000000767        0.148428104                0.000366630             VM
1631           1            0.000001014        0.196210647                0.000484657             VM
1613           1            0.000001105        0.213847284                0.000528221             VM
732           1            0.000000712        0.137705281                0.000340144             VM
1412          3           0.000002084          0.226060000                0.000661413             FX
1435           1            0.000001251        0.242073390                0.000597942             VM
40           1            0.000000797        0.154178154                0.000380833             VM
1621           1            0.000000993        0.192147604                0.000474621             VM
1543           1            0.000001317        0.254834441                0.000629463             VM
1430          3           0.000002180          0.237570000                0.000693944             FX
7005           1            0.000040342        7.807650915                0.019285554             VM
7003           1            0.000040496        7.837491900                0.019359264             VM
7013           1            0.000040253        7.790486484                0.019243157             VM
7014           1            0.000040247        7.789222694                0.019240035             VM
7010           1            0.000040270        7.793724376                0.019251155             VM
7006           1            0.000040383        7.815489254                0.019304916             VM
7004           1            0.000040359        7.810849314                0.019293455             VM
7012           1            0.000040113        7.763314780                0.019176040             VM
7011           1            0.000040248        7.789477785                0.019240665             VM
7000           1            0.000041171        7.968046802                0.019681746             VM
7002           1            0.000040673        7.871589304                0.019443488             VM
7007           1            0.000040355        7.810171413                0.019291780             VM
7008           1            0.000040374        7.813903474                0.019300999             VM
7001           1            0.000040838        7.903659778                0.019522704             VM
7009           1            0.000040274        7.794481493                0.019253025             VM
7015          3           0.000006421          0.746470000                0.002132248             FX
========================================================================
015_T46_C5_D108_VM3.txt	 7	 0.306948846252837	 26.221271	 0.000645	 124.067266
<task_id>	 <FX/VM id>	    <Custo_fin>	      <Tempo_workflow>	          <Custo_normalizado>
874           1            0.000001031        0.199454146                0.000492669             VM
756           1            0.000000795        0.153909645                0.000380170             VM
732           1            0.000000712        0.137705281                0.000340144             VM
38           1            0.000000701        0.135655066                0.000335079             VM
1333           1            0.000000696        0.134784378                0.000332929             VM
824           1            0.000000888        0.171785671                0.000424325             VM
1342           1            0.000001056        0.204368480                0.000504807             VM
1435           1            0.000001251        0.242073390                0.000597942             VM
1621           1            0.000000993        0.192147604                0.000474621             VM
1552           1            0.000001282        0.248172447                0.000613007             VM
1424          2           0.000001266          0.255840000                0.000000000             FX
1585           1            0.000001037        0.200730894                0.000495822             VM
1351           1            0.000000662        0.128068263                0.000316339             VM
1368           1            0.000000680        0.131592433                0.000325044             VM
30           1            0.000000891        0.172443996                0.000425951             VM
1613           1            0.000001105        0.213847284                0.000528221             VM
752           1            0.000000767        0.148428104                0.000366630             VM
1569           1            0.000001290        0.249754599                0.000616915             VM
1543           1            0.000001317        0.254834441                0.000629463             VM
1631           1            0.000001014        0.196210647                0.000484657             VM
1625           1            0.000000769        0.148769346                0.000367473             VM
40           1            0.000000797        0.154178154                0.000380833             VM
1384           1            0.000000685        0.132664625                0.000327693             VM
1636           1            0.000001077        0.208360927                0.000514669             VM
736           1            0.000000800        0.154862849                0.000382524             VM
1430          3           0.000002180          0.237570000                0.000693944             FX
1534           1            0.000001288        0.249245606                0.000615658             VM
1420           1            0.000002025        0.391901649                0.000968030             VM
28           1            0.000001477        0.285816226                0.000705990             VM
1412          3           0.000002084          0.226060000                0.000661413             FX
7002           1            0.000040673        7.871589304                0.019443488             VM
7012           1            0.000040113        7.763314780                0.019176040             VM
7003           1            0.000040496        7.837491900                0.019359264             VM
7008           1            0.000040374        7.813903474                0.019300999             VM
7014           1            0.000040247        7.789222694                0.019240035             VM
7001           1            0.000040838        7.903659778                0.019522704             VM
7013           1            0.000040253        7.790486484                0.019243157             VM
7007           1            0.000040355        7.810171413                0.019291780             VM
7011           1            0.000040248        7.789477785                0.019240665             VM
7009           1            0.000040274        7.794481493                0.019253025             VM
7006           1            0.000040383        7.815489254                0.019304916             VM
7010           1            0.000040270        7.793724376                0.019251155             VM
7004           1            0.000040359        7.810849314                0.019293455             VM
7005           1            0.000040342        7.807650915                0.019285554             VM
7000           1            0.000041171        7.968046802                0.019681746             VM
7015          3           0.000006421          0.746470000                0.002132248             FX
========================================================================
015_T46_C5_D108_VM3.txt	 8	 0.306948846252837	 26.226275	 0.000645	 124.067266
<task_id>	 <FX/VM id>	    <Custo_fin>	      <Tempo_workflow>	          <Custo_normalizado>
752           1            0.000000767        0.148428104                0.000366630             VM
732           1            0.000000712        0.137705281                0.000340144             VM
1333           1            0.000000696        0.134784378                0.000332929             VM
824           1            0.000000888        0.171785671                0.000424325             VM
756           1            0.000000795        0.153909645                0.000380170             VM
1342           1            0.000001056        0.204368480                0.000504807             VM
874           1            0.000001031        0.199454146                0.000492669             VM
1435           1            0.000001251        0.242073390                0.000597942             VM
40           1            0.000000797        0.154178154                0.000380833             VM
1552           1            0.000001282        0.248172447                0.000613007             VM
736           1            0.000000800        0.154862849                0.000382524             VM
1430          3           0.000002180          0.237570000                0.000693944             FX
1351           1            0.000000662        0.128068263                0.000316339             VM
1613           1            0.000001105        0.213847284                0.000528221             VM
30           1            0.000000891        0.172443996                0.000425951             VM
1534           1            0.000001288        0.249245606                0.000615658             VM
1625           1            0.000000769        0.148769346                0.000367473             VM
1543           1            0.000001317        0.254834441                0.000629463             VM
1569           1            0.000001290        0.249754599                0.000616915             VM
28           1            0.000001477        0.285816226                0.000705990             VM
1621           1            0.000000993        0.192147604                0.000474621             VM
38           1            0.000000701        0.135655066                0.000335079             VM
1368           1            0.000000680        0.131592433                0.000325044             VM
1631           1            0.000001014        0.196210647                0.000484657             VM
1424          2           0.000001266          0.255840000                0.000625655             FX
1585           1            0.000001037        0.200730894                0.000495822             VM
1412          3           0.000002084          0.226060000                0.000661413             FX
1384           1            0.000000685        0.132664625                0.000327693             VM
1420           1            0.000002025        0.391901649                0.000968030             VM
1636           1            0.000001077        0.208360927                0.000514669             VM
7014           1            0.000040247        7.789222694                0.019240035             VM
7010           1            0.000040270        7.793724376                0.019251155             VM
7003           1            0.000040496        7.837491900                0.019359264             VM
7007           1            0.000040355        7.810171413                0.019291780             VM
7011           1            0.000040248        7.789477785                0.019240665             VM
7013           1            0.000040253        7.790486484                0.019243157             VM
7004           1            0.000040359        7.810849314                0.019293455             VM
7005           1            0.000040342        7.807650915                0.019285554             VM
7008           1            0.000040374        7.813903474                0.019300999             VM
7001           1            0.000040838        7.903659778                0.019522704             VM
7002           1            0.000040673        7.871589304                0.019443488             VM
7009           1            0.000040274        7.794481493                0.019253025             VM
7012           1            0.000040113        7.763314780                0.019176040             VM
7006           1            0.000040383        7.815489254                0.019304916             VM
7000           1            0.000041171        7.968046802                0.019681746             VM
7015          3           0.000006421          0.746470000                0.002132248             FX
========================================================================
015_T46_C5_D108_VM3.txt	 9	 0.306948846252837	 26.274352	 0.000645	 124.067266
<task_id>	 <FX/VM id>	    <Custo_fin>	      <Tempo_workflow>	          <Custo_normalizado>
1351           1            0.000000662        0.128068263                0.000316339             VM
736           1            0.000000800        0.154862849                0.000382524             VM
824           1            0.000000888        0.171785671                0.000424325             VM
1625           1            0.000000769        0.148769346                0.000367473             VM
756           1            0.000000795        0.153909645                0.000380170             VM
1368           1            0.000000680        0.131592433                0.000325044             VM
874           1            0.000001031        0.199454146                0.000492669             VM
40           1            0.000000797        0.154178154                0.000380833             VM
30           1            0.000000891        0.172443996                0.000425951             VM
28           1            0.000001477        0.285816226                0.000705990             VM
732           1            0.000000712        0.137705281                0.000340144             VM
1569           1            0.000001290        0.249754599                0.000616915             VM
1412          3           0.000002084          0.226060000                0.000661413             FX
1552           1            0.000001282        0.248172447                0.000613007             VM
1631           1            0.000001014        0.196210647                0.000484657             VM
1333           1            0.000000696        0.134784378                0.000332929             VM
38           1            0.000000701        0.135655066                0.000335079             VM
1585           1            0.000001037        0.200730894                0.000495822             VM
1613           1            0.000001105        0.213847284                0.000528221             VM
1534           1            0.000001288        0.249245606                0.000615658             VM
1420           1            0.000002025        0.391901649                0.000968030             VM
1384           1            0.000000685        0.132664625                0.000327693             VM
1424          2           0.000001266          0.255840000                0.000625655             FX
1430          3           0.000002180          0.237570000                0.000693944             FX
1435           1            0.000001251        0.242073390                0.000597942             VM
1636           1            0.000001077        0.208360927                0.000514669             VM
1342           1            0.000001056        0.204368480                0.000504807             VM
1621           1            0.000000993        0.192147604                0.000474621             VM
752           1            0.000000767        0.148428104                0.000366630             VM
1543           1            0.000001317        0.254834441                0.000629463             VM
7006           1            0.000040383        7.815489254                0.019304916             VM
7001           1            0.000040838        7.903659778                0.019522704             VM
7011           1            0.000040248        7.789477785                0.019240665             VM
7012           1            0.000040113        7.763314780                0.019176040             VM
7003           1            0.000040496        7.837491900                0.019359264             VM
7013           1            0.000040253        7.790486484                0.019243157             VM
7008           1            0.000040374        7.813903474                0.019300999             VM
7002           1            0.000040673        7.871589304                0.019443488             VM
7010           1            0.000040270        7.793724376                0.019251155             VM
7000           1            0.000041171        7.968046802                0.019681746             VM
7007           1            0.000040355        7.810171413                0.019291780             VM
7004           1            0.000040359        7.810849314                0.019293455             VM
7014           1            0.000040247        7.789222694                0.019240035             VM
7005           1            0.000040342        7.807650915                0.019285554             VM
7009           1            0.000040274        7.794481493                0.019253025             VM
7015          3           0.000006421          0.746470000                0.002132248             FX
========================================================================
015_T46_C5_D108_VM3.txt	 10	 0.306948846252837	 26.215796	 0.000645	 124.067266
<task_id>	 <FX/VM id>	    <Custo_fin>	      <Tempo_workflow>	          <Custo_normalizado>
752           1            0.000000767        0.148428104                0.000366630             VM
1351           1            0.000000662        0.128068263                0.000316339             VM
1625           1            0.000000769        0.148769346                0.000367473             VM
824           1            0.000000888        0.171785671                0.000424325             VM
1569           1            0.000001290        0.249754599                0.000616915             VM
28           1            0.000001477        0.285816226                0.000705990             VM
874           1            0.000001031        0.199454146                0.000492669             VM
1585           1            0.000001037        0.200730894                0.000495822             VM
40           1            0.000000797        0.154178154                0.000380833             VM
38           1            0.000000701        0.135655066                0.000335079             VM
736           1            0.000000800        0.154862849                0.000382524             VM
1430          3           0.000002180          0.237570000                0.000693944             FX
1333           1            0.000000696        0.134784378                0.000332929             VM
1534           1            0.000001288        0.249245606                0.000615658             VM
756           1            0.000000795        0.153909645                0.000380170             VM
1424          2           0.000001266          0.255840000                0.000625655             FX
732           1            0.000000712        0.137705281                0.000340144             VM
1435           1            0.000001251        0.242073390                0.000597942             VM
1543           1            0.000001317        0.254834441                0.000629463             VM
30           1            0.000000891        0.172443996                0.000425951             VM
1613           1            0.000001105        0.213847284                0.000528221             VM
1342           1            0.000001056        0.204368480                0.000504807             VM
1552           1            0.000001282        0.248172447                0.000613007             VM
1621           1            0.000000993        0.192147604                0.000474621             VM
1384           1            0.000000685        0.132664625                0.000327693             VM
1420           1            0.000002025        0.391901649                0.000968030             VM
1412          3           0.000002084          0.226060000                0.000661413             FX
1636           1            0.000001077        0.208360927                0.000514669             VM
1368           1            0.000000680        0.131592433                0.000325044             VM
1631           1            0.000001014        0.196210647                0.000484657             VM
7012           1            0.000040113        7.763314780                0.019176040             VM
7008           1            0.000040374        7.813903474                0.019300999             VM
7003           1            0.000040496        7.837491900                0.019359264             VM
7000           1            0.000041171        7.968046802                0.019681746             VM
7010           1            0.000040270        7.793724376                0.019251155             VM
7014           1            0.000040247        7.789222694                0.019240035             VM
7009           1            0.000040274        7.794481493                0.019253025             VM
7006           1            0.000040383        7.815489254                0.019304916             VM
7007           1            0.000040355        7.810171413                0.019291780             VM
7013           1            0.000040253        7.790486484                0.019243157             VM
7004           1            0.000040359        7.810849314                0.019293455             VM
7002           1            0.000040673        7.871589304                0.019443488             VM
7001           1            0.000040838        7.903659778                0.019522704             VM
7011           1            0.000040248        7.789477785                0.019240665             VM
7005           1            0.000040342        7.807650915                0.019285554             VM
7015          3           0.000006421          0.746470000                0.002132248             FX
========================================================================
