
Max Financial Cost: 0.007250

Max Runtime:        405.727087

                          GRASP-VND            Flexe

Custo Financeiro Melhor:  0.001090           0.002799

Tempo Melhor:             201.304132           202.071739

Custo Normalizado Melhor: 0.478868           0.492447

Custo Normalizado Médio:  0.478868           0.498676

Tempo CPU Médio:          60.157726 	  

===============================================GRASP-VND===================================================

<task_id>	 <FX/VM id>	    <Custo_fin>	      <Tempo_workflow>	          <Custo_normalizado>
1306           2            0.000002299        0.111242173                0.000276326             VM
1323           2            0.000002697        0.130516749                0.000324204             VM
1331           2            0.000002809        0.135939797                0.000337675             VM
1327           2            0.000002263        0.109492440                0.000271980             VM
1332           2            0.000002857        0.138215594                0.000343328             VM
1317           2            0.000002619        0.126718041                0.000314768             VM
731           2            0.000003073        0.148669856                0.000369297             VM
1299           2            0.000002930        0.141791478                0.000352211             VM
1345           2            0.000002512        0.121523342                0.000301865             VM
1361           2            0.000002409        0.116556280                0.000289526             VM
861           2            0.000002749        0.133036715                0.000330464             VM
1507           1            0.000001294        0.250479354                0.000595417             VM
1528           1            0.000001267        0.245135225                0.000582713             VM
1546           1            0.000001295        0.250607241                0.000595721             VM
1302           2            0.000003152        0.152521596                0.000378864             VM
1533           1            0.000001305        0.252524861                0.000600279             VM
1436          4           0.000004333          0.247950000                0.000610448             FX
1371           2            0.000002587        0.125189720                0.000310972             VM
751           2            0.000002424        0.117296580                0.000291365             VM
1573           1            0.000000980        0.189605003                0.000450712             VM
1372           1            0.000000608        0.117711766                0.000279814             VM
1500           1            0.000001252        0.242385538                0.000576177             VM
1366           2            0.000003121        0.151037320                0.000375177             VM
1592           1            0.000001061        0.205432317                0.000488335             VM
1532           1            0.000001287        0.249066477                0.000592058             VM
811           2            0.000002704        0.130832464                0.000324989             VM
1518           1            0.000001244        0.240675646                0.000572112             VM
1616           1            0.000001077        0.208488195                0.000495599             VM
1562           1            0.000001270        0.245746002                0.000584165             VM
1503           1            0.000001311        0.253640980                0.000602932             VM
1384           2            0.000002503        0.121115359                0.000300851             VM
1637           1            0.000001058        0.204852656                0.000486957             VM
1           1            0.000001296        0.250885054                0.000596381             VM
1391          5           0.000007946          0.232390000                0.000598937             FX
1585           1            0.000001375        0.266121306                0.000632600             VM
9           2            0.000002731        0.132136722                0.000328228             VM
1572           1            0.000001264        0.244622912                0.000581495             VM
1567           1            0.000001342        0.259755731                0.000617468             VM
1415          3           0.000001814          0.193680000                0.000466007             FX
1524           1            0.000001266        0.245077380                0.000582576             VM
7259           1            0.000049699        9.618463522                0.022864142             VM
7253           1            0.000049837        9.645298286                0.022927931             VM
7257           1            0.000049689        9.616636272                0.022859798             VM
7242           1            0.000050016        9.679952083                0.023010307             VM
7247           1            0.000049845        9.646776454                0.022931445             VM
7249           1            0.000049829        9.643759689                0.022924274             VM
7244           1            0.000049852        9.648083176                0.022934551             VM
7256           1            0.000049684        9.615711668                0.022857600             VM
7248           1            0.000049849        9.647524215                0.022933222             VM
7241           1            0.000050141        9.704129153                0.023067778             VM
7255           1            0.000049691        9.617068725                0.022860826             VM
7258           1            0.000049684        9.615629749                0.022857406             VM
7250           1            0.000049843        9.646418952                0.022930595             VM
7245           1            0.000049825        9.643015140                0.022922504             VM
7252           1            0.000049845        9.646704797                0.022931274             VM
7251           1            0.000049848        9.647367321                0.022932849             VM
7240           1            0.000050084        9.692997496                0.023041317             VM
7243           1            0.000049821        9.642096872                0.022920321             VM
7246           1            0.000049830        9.643882421                0.022924565             VM
7254           1            0.000049842        9.646250115                0.022930194             VM
7260          3           0.000008164          0.955700000                0.002294052             FX


================================================Flexe======================================================

<task_id>	 <FX/VM id>	    <Custo_fin>	      <Tempo_workflow>	          <Custo_normalizado>
1361           2            0.000002409        0.116556280                0.000289526             VM
1384           2            0.000002503        0.121115359                0.000300851             VM
811           1            0.000000778        0.150516790                0.000357795             VM
1366           4            0.000019631        0.118737448                0.000413407             VM
1327           3            0.000008756        0.105909268                0.000308368             VM
1317           2            0.000002619        0.126718041                0.000314768             VM
1371           4            0.000019239        0.116363898                0.000405143             VM
731           4            0.000021831        0.132045498                0.000459742             VM
861           3            0.000010110        0.122285543                0.000356049             VM
1372           4            0.000018405        0.111320764                0.000387585             VM
1616           1            0.000001077        0.208488195                0.000495599             VM
1507           2            0.000005161        0.249704896                0.000620268             VM
1299           3            0.000010507        0.127096382                0.000370057             VM
1345           1            0.000000694        0.134392264                0.000319465             VM
1573           3            0.000015591        0.188585433                0.000549090             VM
1323           2            0.000002697        0.130516749                0.000324204             VM
1331           3            0.000010881        0.131615846                0.000383216             VM
1585           1            0.000001375        0.266121306                0.000632600             VM
1572           1            0.000001264        0.244622912                0.000581495             VM
1302          4           0.000004881          0.280830000                0.000691215             FX
1546           2            0.000005163        0.249816744                0.000620546             VM
1503           1            0.000001311        0.253640980                0.000602932             VM
1332           1            0.000000845        0.163583573                0.000388856             VM
1306           4            0.000017605        0.106482846                0.000370741             VM
1528           3            0.000020170        0.243970672                0.000710350             VM
1          4           0.000004885          0.281080000                0.000691829             FX
1562           2            0.000005063        0.244962147                0.000608487             VM
1391          4           0.000004362          0.249740000                0.000614845             FX
1637          2           0.000001415          0.291650000                0.000692651             FX
1592           3            0.000016885        0.204237768                0.000594663             VM
1533           3            0.000020774        0.251277169                0.000731624             VM
1532           3            0.000020491        0.247862288                0.000721681             VM
1518           1            0.000001244        0.240675646                0.000572112             VM
1567           2            0.000005351        0.258901278                0.000643112             VM
751           2            0.000002424        0.117296580                0.000291365             VM
1524           1            0.000001266        0.245077380                0.000582576             VM
1436          4           0.000004333          0.247950000                0.000610448             FX
1500           1            0.000001252        0.242385538                0.000576177             VM
9           1            0.000000748        0.144737037                0.000344056             VM
1415          5           0.000007155          0.208660000                0.000537919             FX
7247           2            0.000198237        9.591947489                0.023826448             VM
7252           2            0.000198236        9.591920799                0.023826382             VM
7249           1            0.000049829        9.643759689                0.022924274             VM
7256           1            0.000049684        9.615711668                0.022857600             VM
7255           2            0.000197909        9.576102463                0.023787089             VM
7258           2            0.000197887        9.575037308                0.023784443             VM
7241           2            0.000198873        9.622736617                0.023902928             VM
7245           1            0.000049825        9.643015140                0.022922504             VM
7251          4           0.000176290          10.565397371                0.025954403             FX
7240           2            0.000199482        9.652214706                0.023976152             VM
7250           2            0.000198266        9.593376727                0.023829998             VM
7257           1            0.000049689        9.616636272                0.022859798             VM
7248           1            0.000049849        9.647524215                0.022933222             VM
7246           1            0.000049830        9.643882421                0.022924565             VM
7243           1            0.000049821        9.642096872                0.022920321             VM
7242           2            0.000198581        9.608608548                0.023867834             VM
7259           1            0.000049699        9.618463522                0.022864142             VM
7253           1            0.000049837        9.645298286                0.022927931             VM
7244           1            0.000049852        9.648083176                0.022934551             VM
7254           2            0.000198212        9.590754918                0.023823486             VM
7260          5           0.000035588          1.061640000                0.002731237             FX


============================================================================================================
