<Instância> 	 <Semente> 	 <Melhor_Custo> 	 <Tempo_CPU>	 <Custo_Financeiro> 	 <Tempo_Workflow>
045_T136_C5_D311_VM3.txt	 1	 0.554461337954576	 4.280760	 0.015879	 1030.357049
<task_id>	 <FX/VM id>	 <Custo_fin>	 <Tempo_workflow>	 <Custo_normalizado>
1333	 2	 0.000002414	 0.116786963	 0.000063707  VM
1351	 1	 0.000000682	 0.132023050	 0.000069148  VM
858	 1	 0.000000844	 0.163373755	 0.000085568  VM
808	 3	 0.000010195	 0.123324081	 0.000077998  VM
1413	 3	 0.000010360	 0.125318718	 0.000079259  VM
1341	 3	 0.000009494	 0.114836065	 0.000072629  VM
1365	 1	 0.000000660	 0.127688878	 0.000066878  VM
814	 4	 0.000019148	 0.115813434	 0.000086674  VM
1345	 1	 0.000000861	 0.166619144	 0.000087268  VM
1406	 5	 0.000007134	 0.208010000	 0.000117445  FX
865	 2	 0.000002961	 0.143269340	 0.000078153  VM
864	 4	 0.000018338	 0.110914449	 0.000083008  VM
733	 4	 0.000003715	 0.210900000	 0.000114142  FX
824	 2	 0.000002526	 0.122226056	 0.000066674  VM
1331	 2	 0.000002602	 0.125916215	 0.000068687  VM
874	 4	 0.000019228	 0.116299933	 0.000087038  VM
1313	 4	 0.000021219	 0.128343295	 0.000096051  VM
1372	 1	 0.000000631	 0.122143139	 0.000063973  VM
753	 3	 0.000010678	 0.129165893	 0.000081692  VM
871	 1	 0.000000685	 0.132485728	 0.000069390  VM
1339	 3	 0.000011278	 0.136412823	 0.000086276  VM
1361	 4	 0.000004035	 0.230110000	 0.000124514  FX
1354	 3	 0.000015483	 0.187278542	 0.000118446  VM
1568	 2	 0.000005425	 0.262507239	 0.000143197  VM
1370	 4	 0.000004531	 0.259870000	 0.000140581  FX
1358	 5	 0.000006852	 0.199550000	 0.000112679  FX
1342	 1	 0.000000697	 0.134945891	 0.000070679  VM
1573	 3	 0.000016818	 0.203425770	 0.000128659  VM
1367	 1	 0.000000880	 0.170257412	 0.000089174  VM
1542	 1	 0.000001349	 0.261041142	 0.000136722  VM
1639	 3	 0.000018824	 0.227692034	 0.000144006  VM
1627	 3	 0.000018107	 0.219017887	 0.000138520  VM
1398	 3	 0.000010238	 0.123840999	 0.000078324  VM
1409	 2	 0.000002607	 0.126149471	 0.000068814  VM
1638	 3	 0.000018369	 0.222190139	 0.000140526  VM
821	 3	 0.000011125	 0.134568984	 0.000085109  VM
1437	 4	 0.000004368	 0.250060000	 0.000135284  FX
1540	 2	 0.000005359	 0.259289239	 0.000141441  VM
1636	 3	 0.000002501	 0.276060000	 0.000146095  FX
1315	 4	 0.000019421	 0.117463014	 0.000087909  VM
740	 1	 0.000000780	 0.151036680	 0.000079107  VM
813	 5	 0.000009024	 0.264720000	 0.000149387  FX
1389	 5	 0.000008615	 0.252440000	 0.000142470  FX
1632	 3	 0.000002453	 0.270320000	 0.000143063  FX
1614	 3	 0.000018408	 0.222657053	 0.000140822  VM
1291	 1	 0.000000695	 0.134576158	 0.000070485  VM
1615	 3	 0.000018414	 0.222735920	 0.000140872  VM
1619	 3	 0.000019451	 0.235283406	 0.000148807  VM
1296	 1	 0.000000887	 0.171756958	 0.000089959  VM
1431	 2	 0.000001243	 0.250250000	 0.000131000  FX
1637	 4	 0.000004689	 0.269330000	 0.000145688  FX
739	 4	 0.000004450	 0.254970000	 0.000137935  FX
760	 4	 0.000019967	 0.120768455	 0.000090382  VM
1590	 2	 0.000004545	 0.219919299	 0.000119965  VM
1438	 1	 0.000001337	 0.258782431	 0.000135539  VM
759	 3	 0.000010936	 0.132277054	 0.000083660  VM
1635	 4	 0.000004565	 0.261910000	 0.000141682  FX
1492	 5	 0.000009660	 0.283800000	 0.000160134  FX
1546	 3	 0.000002729	 0.303450000	 0.000160562  FX
815	 1	 0.000000694	 0.134225926	 0.000070302  VM
1514	 4	 0.000005181	 0.298850000	 0.000161625  FX
1562	 2	 0.000005461	 0.264246152	 0.000144145  VM
1330	 5	 0.000008723	 0.255690000	 0.000144301  FX
1548	 1	 0.000001365	 0.264195139	 0.000138374  VM
26	 3	 0.000021379	 0.258600786	 0.000163555  VM
1610	 4	 0.000004666	 0.267930000	 0.000144932  FX
1497	 1	 0.000001322	 0.255904587	 0.000134032  VM
863	 1	 0.000000738	 0.142757110	 0.000074770  VM
1534	 3	 0.000021525	 0.260363463	 0.000164669  VM
1347	 1	 0.000000734	 0.142008140	 0.000074378  VM
1599	 2	 0.000001373	 0.281570000	 0.000147360  FX
1607	 1	 0.000001429	 0.276649455	 0.000144897  VM
1566	 1	 0.000001390	 0.269048786	 0.000140916  VM
36	 5	 0.000075970	 0.111721289	 0.000164255  VM
1630	 2	 0.000001429	 0.295010000	 0.000154380  FX
1434	 3	 0.000002580	 0.285610000	 0.000151139  FX
1559	 3	 0.000002804	 0.312510000	 0.000165348  FX
1435	 5	 0.000007524	 0.219720000	 0.000124040  FX
1543	 3	 0.000002788	 0.310530000	 0.000164302  FX
1436	 2	 0.000006240	 0.301915164	 0.000164694  VM
1516	 4	 0.000005292	 0.305490000	 0.000165210  FX
1532	 1	 0.000001341	 0.259508940	 0.000135920  VM
1418	 4	 0.000003718	 0.211070000	 0.000114234  FX
1571	 3	 0.000021940	 0.265382861	 0.000167844  VM
1429	 2	 0.000006494	 0.314223622	 0.000171408  VM
1426	 1	 0.000001660	 0.321333620	 0.000168301  VM
1555	 3	 0.000022154	 0.267974709	 0.000169483  VM
1552	 3	 0.000002959	 0.331110000	 0.000175172  FX
1531	 5	 0.000010807	 0.318220000	 0.000179522  FX
1414	 3	 0.000004426	 0.507100000	 0.000268130  FX
9572	 1	 0.000113141	 21.896871750	 0.011468650  VM
9599	 2	 0.000447792	 21.667011741	 0.011819280  VM
9607	 2	 0.000447918	 21.673090384	 0.011822596  VM
9593	 2	 0.000448691	 21.710515783	 0.011843011  VM
9602	 4	 0.000391949	 23.504878302	 0.012690236  FX
9590	 4	 0.000399585	 23.963078302	 0.012937612  FX
9580	 2	 0.000448491	 21.700819146	 0.011837722  VM
9585	 4	 0.000399580	 23.962728302	 0.012937423  FX
9566	 1	 0.000113194	 21.907169828	 0.011474043  VM
9583	 2	 0.000448491	 21.700816163	 0.011837720  VM
9571	 2	 0.000449298	 21.739865644	 0.011859021  VM
9575	 2	 0.000448575	 21.704907158	 0.011839952  VM
9604	 2	 0.000447766	 21.665731271	 0.011818581  VM
9592	 1	 0.000112805	 21.831758215	 0.011434546  VM
9589	 1	 0.000112796	 21.830162815	 0.011433710  VM
9565	 2	 0.000452027	 21.871932119	 0.011931063  VM
9579	 4	 0.000399309	 23.946478302	 0.012928649  FX
9595	 1	 0.000112458	 21.764577075	 0.011399359  VM
9569	 2	 0.000449238	 21.736951169	 0.011857431  VM
9581	 2	 0.000448592	 21.705693398	 0.011840380  VM
9570	 4	 0.000401709	 24.090478302	 0.013006393  FX
9588	 4	 0.000397918	 23.863038302	 0.012883601  FX
9573	 2	 0.000449351	 21.742453025	 0.011860433  VM
9594	 5	 0.000765635	 22.963018302	 0.012934463  FX
9598	 4	 0.000392876	 23.560518302	 0.012720275  FX
9587	 4	 0.000399347	 23.948788302	 0.012929897  FX
9578	 1	 0.000112765	 21.823998424	 0.011430482  VM
9582	 1	 0.000112820	 21.834740960	 0.011436108  VM
9601	 4	 0.000394102	 23.634058302	 0.012759978  FX
9605	 1	 0.000112535	 21.779518094	 0.011407185  VM
9600	 1	 0.000112484	 21.769687742	 0.011402036  VM
9567	 1	 0.000113207	 21.909552795	 0.011475291  VM
9597	 1	 0.000112449	 21.762829954	 0.011398444  VM
9609	 2	 0.000448012	 21.677657472	 0.011825087  VM
9603	 1	 0.000112471	 21.767178484	 0.011400722  VM
9591	 4	 0.000397630	 23.845768302	 0.012874278  FX
9568	 4	 0.000401127	 24.055598302	 0.012987562  FX
9586	 1	 0.000112826	 21.835970781	 0.011436752  VM
9577	 1	 0.000112797	 21.830201273	 0.011433730  VM
9596	 2	 0.000447859	 21.670267028	 0.011821055  VM
9606	 5	 0.000766420	 22.986548302	 0.012947717  FX
9608	 4	 0.000393880	 23.620728302	 0.012752782  FX
9576	 1	 0.000112799	 21.830636364	 0.011433958  VM
9574	 4	 0.000396961	 23.805618302	 0.012852601  FX
9584	 2	 0.000448798	 21.715666045	 0.011845820  VM
9610	 4	 0.000037181	 2.218850000	 0.001198207  FX
========================================================================
