<Instância> 	 <Semente> 	 <Melhor_Custo> 	 <Tempo_CPU>	 <Custo_Financeiro> 	 <Tempo_Workflow>
040_T121_C5_D284_VM3.txt	 1	 0.433029536784250	 2.795026	 0.006671	 1034.350994
<task_id>	 <FX/VM id>	 <Custo_fin>	 <Tempo_workflow>	 <Custo_Normalizado>
1347	 1	 0.000000640	 0.123958427	 0.000049207  VM
35	 1	 0.000000823	 0.159225883	 0.000063207  VM
880	 3	 0.000002693	 0.299170000	 0.000138162  FX
1548	 1	 0.000001307	 0.252917962	 0.000100399  VM
808	 2	 0.000003431	 0.166003269	 0.000109414  VM
858	 1	 0.000001011	 0.195704691	 0.000077687  VM
879	 1	 0.000000728	 0.140988966	 0.000055967  VM
1322	 2	 0.000001612	 0.338920000	 0.000132187  FX
1384	 1	 0.000001737	 0.336221739	 0.000133467  VM
857	 3	 0.000003022	 0.338620000	 0.000155935  FX
1365	 2	 0.000003015	 0.145899285	 0.000096163  VM
1356	 2	 0.000003551	 0.171799281	 0.000113234  VM
1587	 2	 0.000004570	 0.221109889	 0.000145735  VM
855	 1	 0.000000717	 0.138794392	 0.000055096  VM
1361	 1	 0.000000753	 0.145754273	 0.000057859  VM
1342	 2	 0.000003680	 0.178063521	 0.000117363  VM
1531	 2	 0.000001613	 0.339030000	 0.000132229  FX
829	 1	 0.000000663	 0.128396575	 0.000050969  VM
25	 2	 0.000003122	 0.151038787	 0.000099550  VM
1341	 1	 0.000000772	 0.149473501	 0.000059335  VM
1298	 3	 0.000002106	 0.228770000	 0.000106446  FX
1343	 4	 0.000004037	 0.230220000	 0.000139546  FX
1538	 2	 0.000001551	 0.324290000	 0.000126627  FX
1596	 4	 0.000004677	 0.268610000	 0.000162252  FX
853	 3	 0.000002963	 0.331510000	 0.000152732  FX
1610	 3	 0.000002381	 0.261700000	 0.000121282  FX
1337	 1	 0.000000860	 0.166521378	 0.000066103  VM
1580	 3	 0.000002682	 0.297880000	 0.000137581  FX
827	 2	 0.000003381	 0.163579512	 0.000107816  VM
1562	 3	 0.000002709	 0.301040000	 0.000139005  FX
1530	 3	 0.000003029	 0.339480000	 0.000156323  FX
1586	 2	 0.000004443	 0.214978252	 0.000141693  VM
811	 2	 0.000002736	 0.132395117	 0.000087262  VM
881	 1	 0.000000754	 0.145879675	 0.000057909  VM
1557	 2	 0.000001741	 0.369730000	 0.000143896  FX
36	 2	 0.000003129	 0.151414409	 0.000099798  VM
877	 3	 0.000002604	 0.288510000	 0.000133360  FX
1525	 3	 0.000002810	 0.313190000	 0.000144479  FX
1433	 2	 0.000005368	 0.259721619	 0.000171184  VM
1566	 1	 0.000001360	 0.263298549	 0.000104520  VM
830	 2	 0.000002818	 0.136359440	 0.000089875  VM
1543	 2	 0.000005332	 0.257979554	 0.000170036  VM
1637	 2	 0.000004402	 0.212979118	 0.000140376  VM
1329	 4	 0.000004160	 0.237600000	 0.000143911  FX
1439	 3	 0.000002708	 0.300930000	 0.000138955  FX
831	 1	 0.000000793	 0.153484723	 0.000060928  VM
1569	 2	 0.000001692	 0.358070000	 0.000139465  FX
805	 2	 0.000001941	 0.417780000	 0.000162157  FX
807	 2	 0.000003262	 0.157855366	 0.000104043  VM
1362	 2	 0.000001499	 0.311840000	 0.000121896  FX
1409	 2	 0.000001812	 0.386920000	 0.000150429  FX
1634	 2	 0.000001523	 0.317630000	 0.000124096  FX
803	 2	 0.000002946	 0.142544605	 0.000093952  VM
1544	 1	 0.000001409	 0.272711588	 0.000108256  VM
1386	 4	 0.000003366	 0.189930000	 0.000115717  FX
1305	 2	 0.000002671	 0.129257808	 0.000085194  VM
1499	 3	 0.000002535	 0.280190000	 0.000129612  FX
1506	 2	 0.000005532	 0.267653085	 0.000176411  VM
1436	 2	 0.000005632	 0.272525312	 0.000179623  VM
1367	 1	 0.000000732	 0.141635632	 0.000056224  VM
23	 2	 0.000005476	 0.264950828	 0.000174630  VM
1640	 3	 0.000002634	 0.292030000	 0.000134946  FX
1372	 4	 0.000003954	 0.225240000	 0.000136601  FX
1578	 2	 0.000001379	 0.283020000	 0.000110943  FX
26	 4	 0.000005487	 0.317190000	 0.000190985  FX
1324	 2	 0.000001765	 0.375540000	 0.000146104  FX
1585	 3	 0.000002378	 0.261360000	 0.000121129  FX
861	 2	 0.000002523	 0.122098508	 0.000080476  VM
1542	 1	 0.000001338	 0.546250000	 0.000191735  FX
1330	 2	 0.000002654	 0.128416319	 0.000084640  VM
1523	 3	 0.000002997	 0.335630000	 0.000154588  FX
1568	 2	 0.000001710	 0.362490000	 0.000141145  FX
1573	 2	 0.000001535	 0.320370000	 0.000125137  FX
1395	 2	 0.000006381	 0.308766881	 0.000203510  VM
1563	 2	 0.000005484	 0.265369511	 0.000174906  VM
1368	 4	 0.000005157	 0.297440000	 0.000179303  FX
1385	 2	 0.000006418	 0.310530499	 0.000204672  VM
33	 1	 0.000000755	 0.146026811	 0.000057967  VM
1377	 3	 0.000002954	 0.330520000	 0.000152286  FX
1379	 1	 0.000001752	 0.339021871	 0.000134579  VM
14107	 3	 0.000221559	 26.563026610	 0.011970370  FX
14119	 1	 0.000105579	 20.433386465	 0.008111284  VM
14146	 1	 0.000105112	 20.342924049	 0.008075374  VM
14123	 3	 0.000207086	 24.826226610	 0.011187919  FX
14140	 1	 0.000075944	 36.356996610	 0.012539642  FX
14129	 3	 0.000206072	 24.704576610	 0.011133114  FX
14134	 3	 0.000207977	 24.933236610	 0.011236128  FX
14122	 3	 0.000207914	 24.925656610	 0.011232714  FX
14139	 4	 0.000368653	 22.107126610	 0.013078645  FX
14137	 1	 0.000076225	 36.491946610	 0.012586174  FX
14110	 1	 0.000106044	 20.523298837	 0.008146976  VM
14138	 2	 0.000117045	 28.042656610	 0.010660836  FX
14144	 3	 0.000200921	 24.086446610	 0.010854639  FX
14116	 2	 0.000121404	 29.088876610	 0.011058446  FX
14131	 3	 0.000205803	 24.672276610	 0.011118563  FX
14109	 2	 0.000134441	 32.217866610	 0.012247602  FX
14143	 3	 0.000202481	 24.273656610	 0.010938979  FX
14108	 3	 0.000223413	 26.785456610	 0.012070578  FX
14114	 1	 0.000106104	 20.534973178	 0.008151610  VM
14141	 3	 0.000202599	 24.287836610	 0.010945367  FX
14117	 2	 0.000121559	 29.126196610	 0.011072630  FX
14121	 2	 0.000120653	 28.908626610	 0.010989943  FX
14111	 1	 0.000106112	 20.536571191	 0.008152244  VM
14115	 1	 0.000105597	 20.436728029	 0.008112610  VM
14135	 1	 0.000105591	 20.435614217	 0.008112168  VM
14127	 3	 0.000205155	 24.594606610	 0.011083571  FX
14112	 3	 0.000210113	 25.189536610	 0.011351595  FX
14136	 1	 0.000105163	 20.352777048	 0.008079285  VM
14124	 2	 0.000121396	 29.086956610	 0.011057717  FX
14132	 2	 0.000120445	 28.858806610	 0.010971010  FX
14145	 4	 0.000368802	 22.116046610	 0.013083920  FX
14118	 3	 0.000207226	 24.843026610	 0.011195488  FX
14130	 2	 0.000121478	 29.106736610	 0.011065234  FX
14142	 1	 0.000076546	 36.646026610	 0.012639302  FX
14126	 3	 0.000206170	 24.716316610	 0.011138403  FX
14113	 3	 0.000211446	 25.349446610	 0.011423636  FX
14125	 1	 0.000105595	 20.436353781	 0.008112462  VM
14120	 1	 0.000105676	 20.452171527	 0.008118741  VM
14128	 3	 0.000205271	 24.608436610	 0.011089802  FX
14133	 1	 0.000105587	 20.434877614	 0.008111876  VM
14147	 3	 0.000016573	 1.964740000	 0.000888523  FX
========================================================================
