<Instância> 	 <Semente> 	 <Melhor_Custo> 	 <Tempo_CPU>	 <Custo_Financeiro> 	 <Tempo_Workflow>
040_T121_C5_D340_VM3.txt	 1	 0.510812813233853	 3.795148	 0.022295	 1166.584763
<task_id>	 <FX/VM id>	 <Custo_fin>	 <Tempo_workflow>	 <Custo_normalizado>
756	 1	 0.000000626	 0.121200422	 0.000050988  VM
755	 2	 0.000002885	 0.139598625	 0.000061394  VM
732	 4	 0.000020457	 0.123734730	 0.000076472  VM
753	 2	 0.000003215	 0.155543939	 0.000068406  VM
36	 1	 0.000000875	 0.169390150	 0.000071261  VM
40	 3	 0.000010250	 0.123978384	 0.000063996  VM
34	 2	 0.000002751	 0.133134292	 0.000058551  VM
29	 4	 0.000020617	 0.124700172	 0.000077069  VM
24	 4	 0.000020793	 0.125762697	 0.000077725  VM
1	 1	 0.000001316	 0.254736455	 0.000107165  VM
751	 2	 0.000003237	 0.156618108	 0.000068879  VM
26	 1	 0.000000910	 0.176071825	 0.000074072  VM
733	 4	 0.000003994	 0.227630000	 0.000099233  FX
33	 1	 0.000000691	 0.133800605	 0.000056288  VM
735	 2	 0.000002818	 0.136367955	 0.000059973  VM
739	 3	 0.000012367	 0.149586169	 0.000077214  VM
754	 2	 0.000004254	 0.205811294	 0.000090513  VM
10	 1	 0.000000681	 0.131729348	 0.000055417  VM
740	 1	 0.000000903	 0.174788556	 0.000073532  VM
39	 2	 0.000002925	 0.141544629	 0.000062249  VM
28	 1	 0.000000942	 0.182216267	 0.000076656  VM
734	 3	 0.000002563	 0.283500000	 0.000120618  FX
731	 5	 0.000008214	 0.240430000	 0.000109737  FX
814	 2	 0.000006558	 0.317299459	 0.000139544  VM
820	 2	 0.000006353	 0.307395358	 0.000135188  VM
35	 1	 0.000001123	 0.217256500	 0.000091397  VM
737	 2	 0.000002978	 0.144078042	 0.000063364  VM
861	 1	 0.000001564	 0.302737560	 0.000127358  VM
38	 4	 0.000021385	 0.129345009	 0.000079939  VM
815	 5	 0.000009742	 0.286260000	 0.000130607  FX
858	 1	 0.000001717	 0.332225108	 0.000139764  VM
866	 1	 0.000001633	 0.316096926	 0.000132979  VM
27	 3	 0.000011210	 0.135596520	 0.000069993  VM
2	 2	 0.000002820	 0.136467162	 0.000060016  VM
30	 4	 0.000005329	 0.307750000	 0.000134074  FX
760	 1	 0.000000966	 0.186991411	 0.000078665  VM
819	 1	 0.000001615	 0.312506792	 0.000131468  VM
862	 1	 0.000001712	 0.331293769	 0.000139372  VM
757	 5	 0.000080603	 0.118533272	 0.000148422  VM
802	 5	 0.000007642	 0.223270000	 0.000101922  FX
736	 4	 0.000020502	 0.124002597	 0.000076637  VM
810	 2	 0.000007102	 0.343651333	 0.000151133  VM
855	 2	 0.000006582	 0.318474541	 0.000140061  VM
852	 1	 0.000001736	 0.335898874	 0.000141309  VM
853	 1	 0.000001643	 0.317913358	 0.000133743  VM
759	 3	 0.000010369	 0.125420933	 0.000064740  VM
738	 4	 0.000005344	 0.308650000	 0.000134465  FX
867	 4	 0.000005891	 0.341430000	 0.000148720  FX
817	 4	 0.000003619	 0.205140000	 0.000089453  FX
854	 1	 0.000001541	 0.298211695	 0.000125454  VM
856	 2	 0.000006832	 0.330573960	 0.000145382  VM
807	 4	 0.000005019	 0.289160000	 0.000125990  FX
23	 4	 0.000020607	 0.124640455	 0.000077032  VM
803	 4	 0.000004162	 0.237730000	 0.000103625  FX
868	 1	 0.000001515	 0.293198193	 0.000123345  VM
37	 2	 0.000003419	 0.165423506	 0.000072751  VM
805	 5	 0.000009739	 0.286170000	 0.000130566  FX
752	 5	 0.000081712	 0.120165411	 0.000150466  VM
863	 2	 0.000001743	 0.370280000	 0.000155563  FX
25	 1	 0.000000788	 0.152463654	 0.000064140  VM
859	 2	 0.000001764	 0.375330000	 0.000157681  FX
821	 1	 0.000001669	 0.322958430	 0.000135865  VM
870	 1	 0.000001669	 0.323064854	 0.000135910  VM
806	 5	 0.000009039	 0.265170000	 0.000121003  FX
864	 3	 0.000003307	 0.372880000	 0.000158568  FX
812	 4	 0.000005345	 0.308720000	 0.000134496  FX
818	 4	 0.000004134	 0.236030000	 0.000102886  FX
9	 3	 0.000010544	 0.127536786	 0.000065832  VM
857	 1	 0.000001983	 0.383858667	 0.000161485  VM
758	 3	 0.000010863	 0.131396235	 0.000067825  VM
871	 1	 0.000001731	 0.334940226	 0.000140906  VM
804	 3	 0.000002793	 0.311200000	 0.000132379  FX
811	 4	 0.000005169	 0.298150000	 0.000129899  FX
860	 2	 0.000001784	 0.380170000	 0.000159711  FX
816	 2	 0.000006588	 0.318754419	 0.000140184  VM
865	 1	 0.000001825	 0.353112253	 0.000148551  VM
809	 1	 0.000002065	 0.399734460	 0.000168164  VM
808	 5	 0.000008939	 0.262160000	 0.000119632  FX
869	 4	 0.000006078	 0.352680000	 0.000153612  FX
813	 1	 0.000002339	 0.452669964	 0.000190433  VM
3905	 4	 0.000513404	 30.792166609	 0.013390468  FX
3928	 1	 0.000142895	 27.655286836	 0.011634281  VM
3914	 1	 0.000142783	 27.633638835	 0.011625174  VM
3919	 4	 0.000506953	 30.405146609	 0.013222170  FX
3918	 5	 0.000981106	 29.427106609	 0.013401151  FX
3935	 4	 0.000506351	 30.368996609	 0.013206449  FX
3910	 4	 0.000508612	 30.504666609	 0.013265447  FX
3934	 4	 0.000508352	 30.489046609	 0.013258654  FX
3908	 5	 0.000990432	 29.706896609	 0.013528565  FX
3912	 5	 0.000982123	 29.457616609	 0.013415045  FX
3901	 1	 0.000144275	 27.922314582	 0.011746617  VM
3930	 2	 0.000565204	 27.348142373	 0.012027353  VM
3920	 2	 0.000565291	 27.352330954	 0.012029196  VM
3903	 2	 0.000567976	 27.482289709	 0.012086350  VM
3898	 5	 0.000965059	 28.945706609	 0.013181924  FX
3937	 5	 0.000980795	 29.417786609	 0.013396906  FX
3921	 2	 0.000565452	 27.360149162	 0.012032634  VM
3932	 5	 0.000981191	 29.429666609	 0.013402316  FX
3900	 1	 0.000145942	 28.245017875	 0.011882374  VM
3927	 2	 0.000565491	 27.362034247	 0.012033463  VM
3904	 2	 0.000568485	 27.506892257	 0.012097170  VM
3936	 2	 0.000565946	 27.384030074	 0.012043136  VM
3899	 1	 0.000145953	 28.247191007	 0.011883289  VM
3926	 1	 0.000143139	 27.702485302	 0.011654137  VM
3933	 1	 0.000142904	 27.657097238	 0.011635042  VM
3906	 2	 0.000568955	 27.529640708	 0.012107174  VM
3923	 5	 0.000978492	 29.348696609	 0.013365443  FX
3931	 1	 0.000142811	 27.639065722	 0.011627457  VM
3911	 2	 0.000567113	 27.440516247	 0.012067978  VM
3907	 2	 0.000566656	 27.418416161	 0.012058259  VM
3916	 5	 0.000982613	 29.472316609	 0.013421739  FX
3929	 4	 0.000507570	 30.442116609	 0.013238246  FX
3909	 2	 0.000567627	 27.465396572	 0.012078920  VM
3925	 5	 0.000979555	 29.380596609	 0.013379970  FX
3913	 4	 0.000505937	 30.344186609	 0.013195661  FX
3922	 5	 0.000979001	 29.363976609	 0.013372402  FX
3924	 1	 0.000142908	 27.657837508	 0.011635354  VM
3902	 1	 0.000144417	 27.949953111	 0.011758244  VM
3917	 4	 0.000506059	 30.351486609	 0.013198835  FX
3915	 1	 0.000142852	 27.647085510	 0.011630831  VM
3938	 4	 0.000033761	 2.013680000	 0.000875911  FX
========================================================================
