<Instância> 	 <Semente> 	 <Melhor_Custo> 	 <Tempo_CPU>	 <Custo_Financeiro> 	 <Tempo_Workflow>
035_T106_C5_D300_VM3.txt	 1	 0.197342749457110	 2.454785	 0.005389	 1246.407056
<task_id>	 <FX/VM id>	 <Custo_fin>	 <Tempo_workflow>	 <Custo_normalizado>
10	 1	 0.000000637	 0.123226879	 0.000022656  VM
737	 1	 0.000000796	 0.154115510	 0.000028335  VM
35	 1	 0.000001922	 0.826390000	 0.000080885  FX
740	 2	 0.000001920	 0.412770000	 0.000069449  FX
2	 2	 0.000002027	 0.438550000	 0.000073408  FX
752	 1	 0.000000950	 0.183831464	 0.000033799  VM
39	 1	 0.000000723	 0.139959808	 0.000025732  VM
28	 1	 0.000001886	 0.809450000	 0.000079351  FX
38	 1	 0.000001890	 0.811080000	 0.000079498  FX
36	 2	 0.000002836	 0.137238819	 0.000089594  VM
27	 1	 0.000001569	 0.657300000	 0.000065573  FX
754	 1	 0.000001742	 0.740310000	 0.000073090  FX
751	 2	 0.000002743	 0.132727142	 0.000086649  VM
40	 1	 0.000000720	 0.139380497	 0.000025626  VM
25	 1	 0.000000733	 0.141885140	 0.000026086  VM
1	 1	 0.000001712	 0.725640000	 0.000071761  FX
33	 1	 0.000001879	 0.806090000	 0.000079047  FX
30	 1	 0.000000657	 0.127167512	 0.000023381  VM
755	 1	 0.000001568	 0.656680000	 0.000065517  FX
9	 1	 0.000000786	 0.152115949	 0.000027967  VM
863	 1	 0.000001596	 0.670310000	 0.000066751  FX
37	 2	 0.000002277	 0.498420000	 0.000082604  FX
731	 2	 0.000002116	 0.459850000	 0.000076680  FX
813	 1	 0.000002297	 1.006420000	 0.000097187  FX
736	 2	 0.000002873	 0.139029911	 0.000090764  VM
862	 2	 0.000001974	 0.425860000	 0.000071459  FX
24	 1	 0.000000944	 0.182725270	 0.000033595  VM
739	 2	 0.000002246	 0.490950000	 0.000081456  FX
759	 2	 0.000001875	 0.401930000	 0.000067784  FX
26	 2	 0.000002637	 0.127576651	 0.000083287  VM
811	 2	 0.000002615	 0.579630000	 0.000095077  FX
734	 3	 0.000002545	 0.281390000	 0.000084745  FX
758	 2	 0.000001756	 0.373490000	 0.000063416  FX
735	 1	 0.000000840	 0.162519244	 0.000029880  VM
802	 3	 0.000002514	 0.277680000	 0.000083707  FX
860	 2	 0.000001795	 0.382830000	 0.000064850  FX
857	 1	 0.000001861	 0.797280000	 0.000078249  FX
803	 1	 0.000002404	 0.465242178	 0.000085538  VM
753	 3	 0.000003072	 0.344640000	 0.000102433  FX
858	 2	 0.000001816	 0.387750000	 0.000065606  FX
815	 1	 0.000001695	 0.328012836	 0.000060307  VM
738	 2	 0.000002806	 0.625430000	 0.000102111  FX
805	 2	 0.000002264	 0.495380000	 0.000082137  FX
808	 1	 0.000002333	 0.451451127	 0.000083002  VM
34	 1	 0.000001767	 0.752160000	 0.000074163  FX
733	 1	 0.000001314	 0.534820000	 0.000054482  FX
29	 2	 0.000002111	 0.458570000	 0.000076483  FX
807	 2	 0.000002762	 0.614800000	 0.000100478  FX
855	 2	 0.000001751	 0.372120000	 0.000063205  FX
852	 1	 0.000001589	 0.666730000	 0.000066427  FX
757	 1	 0.000002553	 0.494058860	 0.000090836  VM
856	 2	 0.000001892	 0.406050000	 0.000068416  FX
812	 1	 0.000001771	 0.342706108	 0.000063009  VM
756	 1	 0.000001809	 0.350142399	 0.000064376  VM
864	 2	 0.000001829	 0.390930000	 0.000066094  FX
854	 1	 0.000001627	 0.314898088	 0.000057896  VM
816	 1	 0.000001687	 0.713780000	 0.000070687  FX
806	 2	 0.000002832	 0.631630000	 0.000103063  FX
810	 2	 0.000002758	 0.613860000	 0.000100334  FX
23	 1	 0.000000875	 0.169247494	 0.000031117  VM
859	 3	 0.000003155	 0.354610000	 0.000105222  FX
866	 2	 0.000001882	 0.403730000	 0.000068060  FX
861	 2	 0.000001979	 0.426900000	 0.000071619  FX
760	 1	 0.000001543	 0.644750000	 0.000064436  FX
814	 2	 0.000003005	 0.673080000	 0.000109429  FX
865	 2	 0.000001822	 0.389280000	 0.000065841  FX
732	 2	 0.000001550	 0.323920000	 0.000055802  FX
853	 1	 0.000001625	 0.314527904	 0.000057828  VM
809	 1	 0.000002590	 1.147200000	 0.000109936  FX
804	 1	 0.000001751	 0.744380000	 0.000073458  FX
3371	 1	 0.000107628	 51.565247204	 0.004675521  FX
3386	 1	 0.000126942	 24.567907462	 0.004516964  VM
3375	 1	 0.000126640	 24.509341966	 0.004506197  VM
3382	 3	 0.000252131	 30.231607204	 0.008460618  FX
3363	 1	 0.000111535	 53.440537204	 0.004845337  FX
3366	 1	 0.000128291	 24.828935171	 0.004564956  VM
3390	 3	 0.000252817	 30.314037204	 0.008483671  FX
3379	 1	 0.000100175	 47.988027204	 0.004351588  FX
3387	 2	 0.000155267	 37.216037204	 0.005722051  FX
3368	 2	 0.000156839	 37.593367204	 0.005780005  FX
3362	 2	 0.000166688	 39.957117204	 0.006143052  FX
3370	 1	 0.000101408	 48.579957204	 0.004405189  FX
3378	 1	 0.000098575	 47.219787204	 0.004282020  FX
3372	 2	 0.000152925	 36.654027204	 0.005635732  FX
3358	 3	 0.000241101	 28.908037204	 0.008090469  FX
3373	 2	 0.000151256	 36.253267204	 0.005574179  FX
3388	 2	 0.000154324	 36.989657204	 0.005687281  FX
3385	 2	 0.000154219	 36.964387204	 0.005683400  FX
3376	 3	 0.000253544	 30.401187204	 0.008508043  FX
3383	 3	 0.000251412	 30.145397204	 0.008436509  FX
3377	 1	 0.000126657	 24.512624041	 0.004506800  VM
3367	 1	 0.000127216	 24.620954067	 0.004526717  VM
3369	 1	 0.000127608	 24.696805450	 0.004540663  VM
3361	 1	 0.000111512	 53.429837204	 0.004844368  FX
3381	 2	 0.000150995	 36.190847204	 0.005564592  FX
3359	 2	 0.000178827	 42.870337204	 0.006590493  FX
3365	 1	 0.000127351	 24.646980737	 0.004531503  VM
3364	 2	 0.000164457	 39.421687204	 0.006060816  FX
3380	 1	 0.000126636	 24.508614035	 0.004506063  VM
3384	 1	 0.000126732	 24.527132488	 0.004509468  VM
3374	 2	 0.000149992	 35.949907204	 0.005527586  FX
3360	 1	 0.000129443	 25.051933100	 0.004605956  VM
3389	 1	 0.000126639	 24.509214384	 0.004506173  VM
3392	 1	 0.000126643	 24.510061083	 0.004506329  VM
3391	 1	 0.000100382	 48.087107204	 0.004360560  FX
3393	 2	 0.000011136	 2.624560000	 0.000409157  FX
========================================================================
