
Max Financial Cost: 0.011338

Max Runtime:        666.530617

                          GRASP-VND            Flexe

Custo Financeiro Melhor:  0.001636           0.002627

Tempo Melhor:             315.585811           339.105420

Custo Normalizado Melhor: 0.308904           0.370226

Custo Normalizado Médio:  0.308904           0.379795

Tempo CPU Médio:          85.692658 	  

===============================================GRASP-VND===================================================

<task_id>	 <FX/VM id>	    <Custo_fin>	      <Tempo_workflow>	          <Custo_normalizado>
10           1            0.000000712        0.137831658                0.000134801             VM
24           1            0.000000946        0.183074302                0.000179049             VM
35           1            0.000001057        0.204569428                0.000200071             VM
33           1            0.000000792        0.153190398                0.000149822             VM
36           1            0.000000850        0.164471600                0.000160855             VM
734          3           0.000002530          0.279650000                0.000321369             FX
28           1            0.000000928        0.179656702                0.000175706             VM
27           1            0.000000776        0.150149117                0.000146848             VM
25           1            0.000000838        0.162099279                0.000158535             VM
34           1            0.000000722        0.139722362                0.000136650             VM
23           1            0.000001028        0.199015014                0.000194639             VM
739           1            0.000001853        0.358684842                0.000350798             VM
736           1            0.000002091        0.404765086                0.000395865             VM
737          2           0.000001543          0.322320000                0.000309834             FX
753           1            0.000001536        0.297214897                0.000290680             VM
754           1            0.000001782        0.344856285                0.000337273             VM
2           1            0.000000840        0.162599550                0.000159024             VM
732          2           0.000001396          0.286970000                0.000276821             FX
40           1            0.000000746        0.144288492                0.000141116             VM
760           1            0.000001570        0.303935816                0.000297253             VM
756           1            0.000001487        0.287761732                0.000281434             VM
39           1            0.000000765        0.148093796                0.000144837             VM
9           1            0.000000847        0.163889115                0.000160285             VM
26           1            0.000000857        0.165774424                0.000162129             VM
37           1            0.000000774        0.149865527                0.000146570             VM
759           1            0.000001601        0.309845956                0.000303033             VM
733          2           0.000001487          0.308950000                0.000297348             FX
1           1            0.000001282        0.248133167                0.000242677             VM
30           1            0.000000716        0.138571231                0.000135524             VM
38           1            0.000000910        0.176110816                0.000172238             VM
758           1            0.000001511        0.292452063                0.000286021             VM
731           1            0.000001725        0.333796534                0.000326457             VM
755           1            0.000001631        0.315651959                0.000308711             VM
757           1            0.000001571        0.304126641                0.000297439             VM
735           1            0.000002063        0.399322512                0.000390542             VM
740          3           0.000002798          0.311720000                0.000357212             FX
738           1            0.000002057        0.398032275                0.000389280             VM
29           1            0.000000775        0.150075050                0.000146775             VM
751           1            0.000001879        0.363628761                0.000355633             VM
752           1            0.000002246        0.434589735                0.000425034             VM
770           1            0.000078539        15.200101198                0.014865874             VM
773           1            0.000078236        15.141396104                0.014808459             VM
775           1            0.000078260        15.146216174                0.014813174             VM
771           1            0.000078516        15.195752095                0.014861620             VM
769           1            0.000079151        15.318610291                0.014981777             VM
779           1            0.000078162        15.127117497                0.014794495             VM
772           1            0.000078772        15.245269385                0.014910049             VM
776           1            0.000078174        15.129485440                0.014796811             VM
761           1            0.000077799        15.056825420                0.014725748             VM
777           1            0.000078163        15.127251558                0.014794626             VM
780           1            0.000078211        15.136565728                0.014803735             VM
766           1            0.000078878        15.265720109                0.014930050             VM
774           1            0.000078644        15.220412060                0.014885738             VM
765           1            0.000079061        15.301079576                0.014964632             VM
778           1            0.000078192        15.132952172                0.014800201             VM
762           1            0.000079842        15.452310708                0.015112538             VM
768           1            0.000078631        15.217891893                0.014883273             VM
767           1            0.000078990        15.287443190                0.014951295             VM
763           1            0.000079852        15.454286812                0.015114470             VM
764           1            0.000078991        15.287627741                0.014951476             VM
781          3           0.000009884          1.162040000                0.001307566             FX


================================================Flexe======================================================

<task_id>	 <FX/VM id>	    <Custo_fin>	      <Tempo_workflow>	          <Custo_normalizado>
1           2            0.000005047        0.244193455                0.000405738             VM
27          3           0.000002817          0.314040000                0.000359805             FX
10           2            0.000002683        0.129822933                0.000215706             VM
36           2            0.000002886        0.139622283                0.000231988             VM
34           2            0.000002623        0.126928407                0.000210897             VM
26           1            0.000000857        0.165774424                0.000162129             VM
9          3           0.000003248          0.365780000                0.000417631             FX
28           2            0.000003124        0.151167551                0.000251171             VM
2           1            0.000000840        0.162599550                0.000159024             VM
24          1           0.000001284          0.520130000                0.000446783             FX
29           2            0.000002763        0.133698092                0.000222145             VM
734          4           0.000004175          0.238520000                0.000363054             FX
38           2            0.000002997        0.145037948                0.000240987             VM
739          4           0.000004313          0.246790000                0.000375336             FX
33           2            0.000002944        0.142446742                0.000236681             VM
25           2            0.000002991        0.144723443                0.000240464             VM
23           1            0.000001028        0.199015014                0.000194639             VM
733           1            0.000002020        0.390979515                0.000382382             VM
758           2            0.000006024        0.291500628                0.000484341             VM
756          3           0.000003005          0.336620000                0.000385041             FX
735           1            0.000002063        0.399322512                0.000390542             VM
754           1            0.000001782        0.344856285                0.000337273             VM
732          4           0.000003919          0.223110000                0.000340168             FX
737          3           0.000002602          0.288280000                0.000331014             FX
753           1            0.000001536        0.297214897                0.000290680             VM
736           1            0.000002091        0.404765086                0.000395865             VM
731          2           0.000001765          0.375610000                0.000359601             FX
37          3           0.000003836          0.436300000                0.000496448             FX
757          3           0.000002866          0.319940000                0.000366399             FX
40          3           0.000003649          0.413920000                0.000471435             FX
760          1           0.000001350          0.552090000                0.000473694             FX
751          2           0.000002230          0.487130000                0.000463750             FX
740          4           0.000004111          0.234660000                0.000357321             FX
30           1            0.000000716        0.138571231                0.000135524             VM
35           2            0.000003269        0.158152891                0.000262778             VM
752          3           0.000003661          0.415330000                0.000473011             FX
39           2            0.000002678        0.129590864                0.000215321             VM
738          4           0.000005777          0.334620000                0.000505775             FX
755          1           0.000001374          0.563320000                0.000483150             FX
759          2           0.000001892          0.405960000                0.000387945             FX
777          4           0.000277904          16.662202841                0.024754428             FX
763          3           0.000172937          20.728362841                0.023175743             FX
776          4           0.000277476          16.636552841                0.024716334             FX
778          4           0.000278262          16.683682841                0.024786329             FX
779           1            0.000078162        15.127117497                0.014794495             VM
775          3           0.000156755          18.786522841                0.021005458             FX
766           1            0.000078878        15.265720109                0.014930050             VM
762           1            0.000079842        15.452310708                0.015112538             VM
769           1            0.000079151        15.318610291                0.014981777             VM
765           1            0.000079061        15.301079576                0.014964632             VM
774          3           0.000160404          19.224442841                0.021494897             FX
767           1            0.000078990        15.287443190                0.014951295             VM
761           1            0.000077799        15.056825420                0.014725748             VM
770           1            0.000078539        15.200101198                0.014865874             VM
780           1            0.000078211        15.136565728                0.014803735             VM
771           1            0.000078516        15.195752095                0.014861620             VM
772          3           0.000161417          19.345942841                0.021630690             FX
768           1            0.000078631        15.217891893                0.014883273             VM
773           1            0.000078236        15.141396104                0.014808459             VM
764           1            0.000078991        15.287627741                0.014951476             VM
781           1            0.000007942        1.537134661                0.001503335             VM


============================================================================================================
