
Max Financial Cost: 0.040581

Max Runtime:        2292.897484

                          GRASP-VND            Flexe

Custo Financeiro Melhor:  0.006069           0.017472

Tempo Melhor:             1129.012142           1140.908177

Custo Normalizado Melhor: 0.475254           0.494232

Custo Normalizado Médio:  0.475255           0.496469

Tempo CPU Médio:          2038.222381 	  

===============================================GRASP-VND===================================================

<task_id>	 <FX/VM id>	    <Custo_fin>	      <Tempo_workflow>	          <Custo_normalizado>
29           2            0.000002827        0.136798495                0.000060162             VM
25           2            0.000002782        0.134598668                0.000059195             VM
740           2            0.000003034        0.146801058                0.000064561             VM
38           2            0.000003147        0.152261009                0.000066962             VM
35           2            0.000003522        0.170437624                0.000074956             VM
731           2            0.000002945        0.142504772                0.000062672             VM
732           2            0.000002778        0.134439003                0.000059125             VM
23           2            0.000002976        0.144018932                0.000063338             VM
733           2            0.000002919        0.141236332                0.000062114             VM
755           2            0.000002885        0.139598625                0.000061394             VM
33           2            0.000002547        0.123261425                0.000054209             VM
737           2            0.000002978        0.144078042                0.000063364             VM
734           2            0.000003074        0.148730491                0.000065410             VM
753           2            0.000003215        0.155543939                0.000068406             VM
814          5           0.000009391          0.275720000                0.000125807             FX
27           2            0.000002974        0.143913170                0.000063291             VM
34           2            0.000002751        0.133134292                0.000058551             VM
816          5           0.000008270          0.242100000                0.000110497             FX
736           2            0.000002986        0.144475675                0.000063539             VM
39           2            0.000002925        0.141544629                0.000062249             VM
30           2            0.000002771        0.134064612                0.000058960             VM
37           2            0.000003419        0.165423506                0.000072751             VM
756           1            0.000000626        0.121200422                0.000050988             VM
735           2            0.000002818        0.136367955                0.000059973             VM
26           2            0.000003144        0.152127420                0.000066904             VM
24           2            0.000003108        0.150408507                0.000066148             VM
739           2            0.000003377        0.163400982                0.000071862             VM
809          5           0.000009389          0.275680000                0.000125789             FX
2           2            0.000002820        0.136467162                0.000060016             VM
810          4           0.000005241          0.302470000                0.000131778             FX
10           2            0.000002557        0.123718189                0.000054410             VM
752           2            0.000003150        0.152399455                0.000067023             VM
9           2            0.000002864        0.138561848                0.000060938             VM
751           2            0.000003237        0.156618108                0.000068879             VM
759           2            0.000002813        0.136092745                0.000059852             VM
864           1            0.000001769        0.342272640                0.000143990             VM
854           1            0.000001541        0.298211695                0.000125454             VM
818          5           0.000007453          0.217590000                0.000099335             FX
754           2            0.000004254        0.205811294                0.000090513             VM
819          5           0.000008267          0.242010000                0.000110456             FX
803          4           0.000004162          0.237730000                0.000103625             FX
758           2            0.000002888        0.139744570                0.000061458             VM
870           1            0.000001669        0.323064854                0.000135910             VM
853           1            0.000001643        0.317913358                0.000133743             VM
858           1            0.000001717        0.332225108                0.000139764             VM
806          5           0.000009039          0.265170000                0.000121003             FX
1           1            0.000001316        0.254736455                0.000107165             VM
757           2            0.000002622        0.126866370                0.000055794             VM
738           2            0.000003510        0.169830990                0.000074689             VM
40           2            0.000002736        0.132394150                0.000058225             VM
862           1            0.000001712        0.331293769                0.000139372             VM
855           1            0.000001651        0.319481127                0.000134402             VM
760           2            0.000003212        0.155424143                0.000068353             VM
804          4           0.000004503          0.258170000                0.000112514             FX
805          4           0.000004930          0.283820000                0.000123668             FX
821          5           0.000008770          0.257110000                0.000117333             FX
859           1            0.000001700        0.329005641                0.000138409             VM
28           2            0.000003170        0.153398474                0.000067463             VM
868           1            0.000001515        0.293198193                0.000123345             VM
820          5           0.000008059          0.235770000                0.000107614             FX
36           2            0.000002993        0.144838714                0.000063698             VM
817          3           0.000001917          0.206010000                0.000087716             FX
869           1            0.000001662        0.321743904                0.000135354             VM
867           1            0.000001549        0.299701616                0.000126081             VM
865           1            0.000001825        0.353112253                0.000148551             VM
866           1            0.000001633        0.316096926                0.000132979             VM
861           1            0.000001564        0.302737560                0.000127358             VM
863           1            0.000001672        0.323512550                0.000136098             VM
802          5           0.000007642          0.223270000                0.000101922             FX
811          5           0.000009482          0.278460000                0.000127055             FX
856           1            0.000001714        0.331660323                0.000139526             VM
807          5           0.000009107          0.267220000                0.000121937             FX
808          5           0.000008939          0.262160000                0.000119632             FX
857           1            0.000001983        0.383858667                0.000161485             VM
812          5           0.000009708          0.285230000                0.000130138             FX
871           1            0.000001731        0.334940226                0.000140906             VM
852           1            0.000001736        0.335898874                0.000141309             VM
815          5           0.000009742          0.286260000                0.000130607             FX
860           1            0.000001668        0.322877223                0.000135831             VM
813          5           0.000008954          0.262620000                0.000119842             FX
3916           1            0.000142832        27.643093247                0.011629151             VM
3920           1            0.000142831        27.642903210                0.011629071             VM
3901           1            0.000144275        27.922314582                0.011746617             VM
3921           1            0.000142916        27.659363085                0.011635996             VM
3913           1            0.000142858        27.648168972                0.011631286             VM
3931           1            0.000142811        27.639065722                0.011627457             VM
3911           1            0.000143732        27.817256642                0.011702420             VM
3929           1            0.000143500        27.772432676                0.011683563             VM
3904           1            0.000144382        27.943034491                0.011755333             VM
3935           1            0.000142860        27.648614578                0.011631474             VM
3928           1            0.000142895        27.655286836                0.011634281             VM
3934           1            0.000142972        27.670131724                0.011640526             VM
3932           1            0.000142850        27.646515486                0.011630591             VM
3917           1            0.000142900        27.656214015                0.011634671             VM
3909           1            0.000143964        27.862112686                0.011721290             VM
3907           1            0.000143488        27.770102011                0.011682582             VM
3905           1            0.000143577        27.787392676                0.011689856             VM
3922           1            0.000142781        27.633304360                0.011625033             VM
3924           1            0.000142908        27.657837508                0.011635354             VM
3936           1            0.000143163        27.707191483                0.011656117             VM
3903           1            0.000144168        27.901608769                0.011737906             VM
3925           1            0.000142838        27.644331472                0.011629672             VM
3930           1            0.000142803        27.637548400                0.011626819             VM
3906           1            0.000144672        27.999146782                0.011778939             VM
3923           1            0.000142788        27.634660994                0.011625604             VM
3902           1            0.000144417        27.949953111                0.011758244             VM
3933           1            0.000142904        27.657097238                0.011635042             VM
3908           1            0.000143452        27.763099959                0.011679637             VM
3937           1            0.000142812        27.639182162                0.011627506             VM
3898           1            0.000141800        27.443449891                0.011545163             VM
3914           1            0.000142783        27.633638835                0.011625174             VM
3926           1            0.000143139        27.702485302                0.011654137             VM
3918           1            0.000142824        27.641531114                0.011628494             VM
3927           1            0.000142919        27.659912046                0.011636227             VM
3915           1            0.000142852        27.647085510                0.011630831             VM
3910           1            0.000142917        27.659547224                0.011636073             VM
3912           1            0.000142951        27.666087628                0.011638825             VM
3899           1            0.000145953        28.247191007                0.011883289             VM
3919           1            0.000142810        27.638902206                0.011627388             VM
3900           1            0.000145942        28.245017875                0.011882374             VM
3938          4           0.000033761          2.013680000                0.000875911             FX


================================================Flexe======================================================

<task_id>	 <FX/VM id>	    <Custo_fin>	      <Tempo_workflow>	          <Custo_normalizado>
737           2            0.000002978        0.144078042                0.000063364             VM
734           3            0.000011464        0.138665745                0.000071577             VM
38           3            0.000011325        0.136983676                0.000070709             VM
25           3            0.000010389        0.125666174                0.000064867             VM
37           3            0.000013096        0.158414413                0.000081771             VM
752           2            0.000003150        0.152399455                0.000067023             VM
23           4            0.000020607        0.124640455                0.000077032             VM
24           1            0.000000947        0.183269587                0.000077100             VM
756           2            0.000002419        0.117062511                0.000051483             VM
751           3            0.000011682        0.141299570                0.000072937             VM
2           2            0.000002820        0.136467162                0.000060016             VM
36           3            0.000010959        0.132562997                0.000068427             VM
27          5           0.000007986          0.233590000                0.000106622             FX
732           2            0.000002778        0.134439003                0.000059125             VM
754           4            0.000031278        0.189180636                0.000116919             VM
30           4            0.000021037        0.127241660                0.000078639             VM
29           2            0.000002827        0.136798495                0.000060162             VM
819          5           0.000008267          0.242010000                0.000110456             FX
757           1            0.000000701        0.135755009                0.000057111             VM
817          4           0.000003619          0.205140000                0.000089453             FX
10           2            0.000002557        0.123718189                0.000054410             VM
807          4           0.000005019          0.289160000                0.000125990             FX
759           1            0.000000813        0.157436368                0.000066232             VM
736           2            0.000002986        0.144475675                0.000063539             VM
1           2            0.000005183        0.250781407                0.000110290             VM
9           4            0.000020175        0.122024254                0.000075415             VM
868           1            0.000001515        0.293198193                0.000123345             VM
733           1            0.000000831        0.160920571                0.000067698             VM
755           4            0.000020540        0.124231944                0.000076779             VM
738           2            0.000003510        0.169830990                0.000074689             VM
739           3            0.000012367        0.149586169                0.000077214             VM
39           4            0.000021144        0.127887042                0.000079038             VM
28          5           0.000010835          0.319040000                0.000145535             FX
753          3           0.000003074          0.344860000                0.000146671             FX
740           1            0.000000903        0.174788556                0.000073532             VM
731          5           0.000008214          0.240430000                0.000109737             FX
861           1            0.000001564        0.302737560                0.000127358             VM
864           2            0.000007056        0.341420445                0.000150152             VM
760           1            0.000000966        0.186991411                0.000078665             VM
811          4           0.000005169          0.298150000                0.000129899             FX
859           1            0.000001700        0.329005641                0.000138409             VM
812          4           0.000005345          0.308720000                0.000134496             FX
813          4           0.000005232          0.301920000                0.000131539             FX
33           2            0.000002547        0.123261425                0.000054209             VM
818           2            0.000006641        0.321350744                0.000141326             VM
34           1            0.000000755        0.146144136                0.000061481             VM
802          3           0.000003086          0.346260000                0.000147265             FX
863           2            0.000006667        0.322568403                0.000141861             VM
852           1            0.000001736        0.335898874                0.000141309             VM
853           2            0.000006550        0.316946721                0.000139389             VM
810          4           0.000005241          0.302470000                0.000131778             FX
867           3            0.000024657        0.298247159                0.000153950             VM
758           2            0.000002888        0.139744570                0.000061458             VM
871          4           0.000006276          0.364550000                0.000158774             FX
735          5           0.000010477          0.308320000                0.000140653             FX
803          4           0.000004162          0.237730000                0.000103625             FX
855           2            0.000006582        0.318474541                0.000140061             VM
40           4            0.000019802        0.119770501                0.000074022             VM
870           1            0.000001669        0.323064854                0.000135910             VM
806          4           0.000005013          0.288750000                0.000125812             FX
854          4           0.000006053          0.351170000                0.000152956             FX
808          5           0.000008939          0.262160000                0.000119632             FX
862           1            0.000001712        0.331293769                0.000139372             VM
35           4            0.000022373        0.135323467                0.000083634             VM
804          3           0.000002793          0.311200000                0.000132379             FX
26           1            0.000000910        0.176071825                0.000074072             VM
805           1            0.000001991        0.385337618                0.000162107             VM
869           1            0.000001662        0.321743904                0.000135354             VM
816          4           0.000004725          0.271510000                0.000118315             FX
821          4           0.000005947          0.344790000                0.000150181             FX
860          3           0.000003265          0.367820000                0.000156419             FX
858           1            0.000001717        0.332225108                0.000139764             VM
866           1            0.000001633        0.316096926                0.000132979             VM
856          3           0.000003428          0.387320000                0.000164699             FX
820          3           0.000003120          0.350410000                0.000149027             FX
865           2            0.000007279        0.352203958                0.000154895             VM
809          4           0.000006192          0.359540000                0.000156595             FX
814           1            0.000001645        0.318361693                0.000133931             VM
815          4           0.000005393          0.311580000                0.000135739             FX
857           2            0.000007916        0.383048678                0.000168460             VM
3925          5           0.000979555          29.380596609                0.013379970             FX
3898           2            0.000563759        27.278203259                0.011996595             VM
3923           1            0.000142788        27.634660994                0.011625604             VM
3910          4           0.000508612          30.504666609                0.013265447             FX
3918           1            0.000142824        27.641531114                0.011628494             VM
3915          5           0.000982957          29.482636609                0.013426439             FX
3922          4           0.000505965          30.345856609                0.013196387             FX
3932           2            0.000565355        27.355451053                0.012030568             VM
3919           2            0.000565208        27.348344565                0.012027442             VM
3936           1            0.000143163        27.707191483                0.011656117             VM
3903           1            0.000144168        27.901608769                0.011737906             VM
3935           1            0.000142860        27.648614578                0.011631474             VM
3927           1            0.000142919        27.659912046                0.011636227             VM
3909           2            0.000567627        27.465396572                0.012078920             VM
3901           1            0.000144275        27.922314582                0.011746617             VM
3937           1            0.000142812        27.639182162                0.011627506             VM
3929           2            0.000566705        27.420746418                0.012059284             VM
3907           2            0.000566656        27.418416161                0.012058259             VM
3906           2            0.000568955        27.529640708                0.012107174             VM
3914           1            0.000142783        27.633638835                0.011625174             VM
3902           2            0.000568449        27.505168153                0.012096411             VM
3911           2            0.000567113        27.440516247                0.012067978             VM
3926           2            0.000565871        27.380400001                0.012041540             VM
3900           2            0.000571570        27.656159656                0.012162815             VM
3920           1            0.000142831        27.642903210                0.011629071             VM
3928           1            0.000142895        27.655286836                0.011634281             VM
3904           1            0.000144382        27.943034491                0.011755333             VM
3899           2            0.000571643        27.659715267                0.012164379             VM
3916          4           0.000507213          30.420716609                0.013228940             FX
3921           1            0.000142916        27.659363085                0.011635996             VM
3933           2            0.000565452        27.360115829                0.012032619             VM
3930           1            0.000142803        27.637548400                0.011626819             VM
3931          5           0.000979341          29.374176609                0.013377047             FX
3908           2            0.000566634        27.417327092                0.012057780             VM
3912           1            0.000142951        27.666087628                0.011638825             VM
3924           2            0.000565416        27.358393989                0.012031862             VM
3934           2            0.000565531        27.363951961                0.012034306             VM
3905           1            0.000143577        27.787392676                0.011689856             VM
3913           2            0.000565375        27.356404732                0.012030987             VM
3917          4           0.000506059          30.351486609                0.013198835             FX
3938          4           0.000033761          2.013680000                0.000875911             FX


============================================================================================================
