<Instância> 	 <Semente> 	 <Melhor_Custo> 	 <Tempo_CPU>	 <Custo_Financeiro> 	 <Tempo_Workflow>
035_T106_C5_D253_VM3.txt	 1	 0.008342206241487	 215.327325	 0.002086	 655.388001
<task_id>	 <FX/VM id>	 <Custo_fin>	 <Tempo_workflow>	 <Custo_normalizado>
757	 5	 0.000000094	 0.004427973	 0.000003985  VM
1315	 1	 0.000001598	 0.671020000	 0.000000000  FX
35	 5	 0.000000087	 0.004091058	 0.000003682  VM
758	 5	 0.000000098	 0.004592040	 0.000004133  VM
1304	 2	 0.000002232	 0.487770000	 0.000000000  FX
36	 5	 0.000000112	 0.005270450	 0.000004744  VM
737	 5	 0.000000084	 0.003971854	 0.000003575  VM
38	 1	 0.000002015	 0.871410000	 0.000000000  FX
1296	 5	 0.000000091	 0.004286458	 0.000003858  VM
1313	 1	 0.000002416	 1.063450000	 0.000000000  FX
1428	 5	 0.000000192	 0.009038815	 0.000008135  VM
860	 2	 0.000002071	 0.449060000	 0.000000000  FX
1615	 5	 0.000000142	 0.006690977	 0.000006022  VM
1425	 5	 0.000000202	 0.009484212	 0.000008536  VM
1348	 5	 0.000000083	 0.003894243	 0.000003505  VM
877	 1	 0.000001408	 0.579670000	 0.000000000  FX
827	 1	 0.000002617	 1.160060000	 0.000000000  FX
826	 1	 0.000001597	 0.670620000	 0.000000000  FX
1616	 2	 0.000001765	 0.375500000	 0.000000000  FX
1596	 1	 0.000001210	 0.485030000	 0.000000000  FX
28	 2	 0.000002660	 0.590510000	 0.000000000  FX
754	 1	 0.000001766	 0.751670000	 0.000000000  FX
1345	 2	 0.000001600	 0.335960000	 0.000000000  FX
1299	 1	 0.000001525	 0.635920000	 0.000000000  FX
1346	 1	 0.000002663	 1.182460000	 0.000000000  FX
1553	 5	 0.000000203	 0.009538486	 0.000008585  VM
1409	 2	 0.000002207	 0.481670000	 0.000000000  FX
1624	 5	 0.000000154	 0.007255352	 0.000006530  VM
738	 5	 0.000000087	 0.004110784	 0.000003700  VM
1629	 1	 0.000001235	 0.496920000	 0.000000000  FX
1298	 1	 0.000001310	 0.532940000	 0.000000000  FX
1609	 1	 0.000001247	 0.502560000	 0.000000000  FX
863	 5	 0.000000086	 0.004038925	 0.000003635  VM
1500	 2	 0.000001833	 0.392020000	 0.000000000  FX
864	 1	 0.000001540	 0.643410000	 0.000000000  FX
1516	 1	 0.000001291	 0.523630000	 0.000000000  FX
873	 2	 0.000001664	 0.351250000	 0.000000000  FX
876	 5	 0.000000092	 0.004331824	 0.000003899  VM
1360	 1	 0.000001954	 0.841810000	 0.000000000  FX
813	 5	 0.000000088	 0.004155303	 0.000003740  VM
1514	 5	 0.000000201	 0.009449305	 0.000008505  VM
1546	 2	 0.000001783	 0.379820000	 0.000000000  FX
1290	 1	 0.000001820	 0.777770000	 0.000000000  FX
1547	 2	 0.000001951	 0.420190000	 0.000000000  FX
1610	 5	 0.000000152	 0.007173168	 0.000006456  VM
1549	 1	 0.000001425	 0.588130000	 0.000000000  FX
1611	 1	 0.000001261	 0.509230000	 0.000000000  FX
734	 1	 0.000001719	 0.729170000	 0.000000000  FX
1626	 5	 0.000000150	 0.007067384	 0.000006361  VM
1560	 1	 0.000001429	 0.589940000	 0.000000000  FX
1295	 1	 0.000002428	 1.069240000	 0.000000000  FX
1410	 1	 0.000003591	 1.627770000	 0.000000000  FX
814	 1	 0.000002954	 1.322010000	 0.000000000  FX
1415	 5	 0.000000222	 0.010428046	 0.000009386  VM
1561	 1	 0.000001482	 0.615350000	 0.000000000  FX
26	 1	 0.000002997	 1.342670000	 0.000000000  FX
823	 1	 0.000002306	 1.011070000	 0.000000000  FX
1359	 1	 0.000001275	 0.516040000	 0.000000000  FX
1505	 1	 0.000001403	 0.577650000	 0.000000000  FX
1496	 1	 0.000001390	 0.571180000	 0.000000000  FX
1408	 5	 0.000000222	 0.010452519	 0.000009408  VM
1423	 5	 0.000000186	 0.008729420	 0.000007857  VM
1499	 2	 0.000001825	 0.390020000	 0.000000000  FX
25	 5	 0.000000196	 0.009242188	 0.000008318  VM
1414	 5	 0.000000231	 0.010852602	 0.000009768  VM
1352	 2	 0.000002926	 0.654140000	 0.000000000  FX
810	 5	 0.000000093	 0.004390826	 0.000003952  VM
1395	 5	 0.000000277	 0.013058204	 0.000011753  VM
1497	 1	 0.000001687	 0.713760000	 0.000000000  FX
1491	 2	 0.000001840	 0.393500000	 0.000000000  FX
13570	 2	 0.000124383	 29.803865052	 0.000000000  FX
13574	 5	 0.000012067	 0.567846547	 0.000511079  VM
13591	 1	 0.000076075	 36.420095052	 0.000000000  FX
13568	 1	 0.000087996	 42.142115052	 0.000000000  FX
13599	 1	 0.000072051	 34.488365052	 0.000000000  FX
13596	 5	 0.000012062	 0.567643513	 0.000510896  VM
13594	 1	 0.000072007	 34.467405052	 0.000000000  FX
13586	 1	 0.000076135	 36.448645052	 0.000000000  FX
13567	 5	 0.000012116	 0.570169441	 0.000513170  VM
13581	 1	 0.000075534	 36.160355052	 0.000000000  FX
13575	 1	 0.000079646	 38.134105052	 0.000000000  FX
13597	 5	 0.000012069	 0.567949363	 0.000511172  VM
13592	 5	 0.000012070	 0.568007531	 0.000511224  VM
13580	 2	 0.000113914	 27.291245052	 0.000000000  FX
13598	 2	 0.000109798	 26.303475052	 0.000000000  FX
13578	 1	 0.000075500	 36.143915052	 0.000000000  FX
13576	 2	 0.000113835	 27.272305052	 0.000000000  FX
13572	 2	 0.000117322	 28.109125052	 0.000000000  FX
13587	 5	 0.000012065	 0.567763823	 0.000511005  VM
13600	 5	 0.000012063	 0.567680301	 0.000510929  VM
13584	 1	 0.000075926	 36.348545052	 0.000000000  FX
13577	 2	 0.000113687	 27.236855052	 0.000000000  FX
13589	 5	 0.000012066	 0.567795885	 0.000511034  VM
13569	 5	 0.000012078	 0.568361500	 0.000511543  VM
13585	 5	 0.000012070	 0.567977661	 0.000511197  VM
13571	 5	 0.000012067	 0.567841183	 0.000511074  VM
13593	 2	 0.000110193	 26.398215052	 0.000000000  FX
13573	 5	 0.000012070	 0.568012713	 0.000511229  VM
13590	 1	 0.000076421	 36.586135052	 0.000000000  FX
13579	 5	 0.000012078	 0.568356915	 0.000511538  VM
13588	 5	 0.000012067	 0.567856174	 0.000511088  VM
13601	 5	 0.000012063	 0.567662287	 0.000510913  VM
13595	 2	 0.000109606	 26.257445052	 0.000000000  FX
13583	 5	 0.000012067	 0.567858234	 0.000511090  VM
13582	 2	 0.000114122	 27.341195052	 0.000000000  FX
13602	 2	 0.000012245	 2.890820000	 0.000000000  FX
========================================================================
