<Instância> 	 <Semente> 	 <Melhor_Custo> 	 <Tempo_CPU>	 <Custo_Financeiro> 	 <Tempo_Workflow>
050_T151_C5_D355_VM3.txt	 1	 0.185921461690373	 6.339998	 0.007204	 1849.370487
<task_id>	 <FX/VM id>	 <Custo_fin>	 <Tempo_workflow>	 <Custo_normalizado>
753	 1	 0.000000610	 0.118095203	 0.000014969  VM
803	 1	 0.000000765	 0.148040058	 0.000018765  VM
33	 1	 0.000001903	 0.817590000	 0.000055765  FX
865	 2	 0.000001823	 0.389530000	 0.000045463  FX
1362	 3	 0.000002116	 0.229960000	 0.000048288  FX
858	 1	 0.000000926	 0.179191035	 0.000022713  VM
821	 1	 0.000000711	 0.137578624	 0.000017439  VM
817	 2	 0.000002471	 0.119576549	 0.000053378  VM
1333	 2	 0.000002142	 0.466190000	 0.000053599  FX
1	 1	 0.000002094	 0.909140000	 0.000061548  FX
1520	 1	 0.000001446	 0.598210000	 0.000041909  FX
871	 1	 0.000001635	 0.688800000	 0.000047630  FX
1339	 2	 0.000002752	 0.133178110	 0.000059450  VM
1314	 1	 0.000000709	 0.137237888	 0.000017395  VM
1347	 1	 0.000000731	 0.141429742	 0.000017927  VM
1304	 2	 0.000001875	 0.402070000	 0.000046794  FX
1358	 3	 0.000002298	 0.251790000	 0.000052481  FX
815	 1	 0.000000624	 0.120844981	 0.000015318  VM
1531	 1	 0.000001431	 0.590680000	 0.000041433  FX
1338	 1	 0.000000750	 0.145152091	 0.000018399  VM
1505	 1	 0.000001455	 0.602400000	 0.000042173  FX
733	 3	 0.000002325	 0.255010000	 0.000053099  FX
1343	 2	 0.000002324	 0.112463661	 0.000050203  VM
1544	 3	 0.000002779	 0.309460000	 0.000063556  FX
1342	 2	 0.000002782	 0.134609679	 0.000060089  VM
1425	 2	 0.000001875	 0.402020000	 0.000046789  FX
1317	 1	 0.000000789	 0.152717127	 0.000019357  VM
1303	 3	 0.000002233	 0.243930000	 0.000050971  FX
1434	 1	 0.000001710	 0.330907579	 0.000041944  VM
1499	 2	 0.000002199	 0.479740000	 0.000055037  FX
1360	 2	 0.000002875	 0.139103193	 0.000062095  VM
1305	 3	 0.000002516	 0.277880000	 0.000057491  FX
1543	 1	 0.000001412	 0.273322713	 0.000034645  VM
2	 1	 0.000000733	 0.141926584	 0.000017990  VM
9	 1	 0.000001936	 0.833210000	 0.000056752  FX
1621	 1	 0.000001282	 0.519220000	 0.000036919  FX
1554	 1	 0.000001718	 0.728470000	 0.000050136  FX
1583	 3	 0.000002546	 0.281510000	 0.000058188  FX
1382	 2	 0.000002620	 0.580860000	 0.000065768  FX
1610	 2	 0.000001581	 0.331480000	 0.000039303  FX
1599	 1	 0.000001175	 0.467930000	 0.000033680  FX
10	 1	 0.000002217	 0.968290000	 0.000065284  FX
1293	 2	 0.000002556	 0.123694361	 0.000055217  VM
1622	 3	 0.000002541	 0.280910000	 0.000058073  FX
1371	 1	 0.000001742	 0.740000000	 0.000050864  FX
36	 1	 0.000000781	 0.151207266	 0.000019166  VM
1365	 3	 0.000002184	 0.238030000	 0.000049838  FX
1548	 3	 0.000002757	 0.306870000	 0.000063059  FX
1577	 1	 0.000001271	 0.513910000	 0.000036584  FX
1421	 1	 0.000001741	 0.337004330	 0.000042717  VM
852	 2	 0.000002743	 0.132704824	 0.000059239  VM
1504	 2	 0.000001764	 0.375390000	 0.000043963  FX
1518	 1	 0.000001422	 0.275282654	 0.000034893  VM
1624	 2	 0.000001481	 0.307350000	 0.000036742  FX
1319	 2	 0.000001669	 0.352520000	 0.000041536  FX
1634	 1	 0.000001180	 0.228362294	 0.000028946  VM
1409	 2	 0.000001819	 0.388500000	 0.000045354  FX
1313	 1	 0.000002208	 0.963700000	 0.000064994  FX
872	 2	 0.000003030	 0.146628582	 0.000065454  VM
867	 1	 0.000000749	 0.145004905	 0.000018380  VM
1353	 2	 0.000003035	 0.146868207	 0.000065561  VM
1322	 2	 0.000001766	 0.375790000	 0.000044005  FX
1572	 2	 0.000001789	 0.381280000	 0.000044588  FX
1398	 2	 0.000001576	 0.330250000	 0.000039172  FX
1523	 3	 0.000003026	 0.339150000	 0.000069258  FX
1559	 2	 0.000001796	 0.383040000	 0.000044774  FX
1566	 1	 0.000001497	 0.289650011	 0.000036714  VM
853	 1	 0.000000803	 0.155425264	 0.000019701  VM
1356	 3	 0.000003003	 0.336410000	 0.000068732  FX
1376	 1	 0.000000817	 0.158202286	 0.000020053  VM
1616	 2	 0.000001707	 0.361710000	 0.000042511  FX
1557	 1	 0.000001409	 0.580280000	 0.000040776  FX
1551	 1	 0.000001497	 0.289684475	 0.000036719  VM
26	 2	 0.000002647	 0.587390000	 0.000066461  FX
1635	 2	 0.000001787	 0.380760000	 0.000044533  FX
1515	 1	 0.000001441	 0.595470000	 0.000041736  FX
1330	 2	 0.000002694	 0.598530000	 0.000067643  FX
822	 1	 0.000000734	 0.142147004	 0.000018018  VM
1411	 1	 0.000002369	 0.458460212	 0.000058111  VM
1350	 2	 0.000002546	 0.123184378	 0.000054989  VM
808	 2	 0.000002396	 0.527150000	 0.000060068  FX
1612	 1	 0.000001232	 0.238516059	 0.000030233  VM
23	 1	 0.000000653	 0.126447811	 0.000016028  VM
802	 2	 0.000001821	 0.389000000	 0.000045407  FX
1561	 3	 0.000003062	 0.343450000	 0.000070084  FX
1494	 2	 0.000001795	 0.382790000	 0.000044748  FX
1534	 3	 0.000002764	 0.307640000	 0.000063207  FX
1563	 2	 0.000001995	 0.430830000	 0.000049846  FX
1423	 2	 0.000003315	 0.747520000	 0.000083455  FX
1413	 2	 0.000002814	 0.627460000	 0.000070714  FX
1298	 1	 0.000001168	 0.464460000	 0.000033461  FX
1614	 2	 0.000001507	 0.313750000	 0.000037421  FX
1540	 1	 0.000001407	 0.579580000	 0.000040732  FX
1514	 1	 0.000001447	 0.598620000	 0.000041935  FX
1506	 1	 0.000001447	 0.598650000	 0.000041936  FX
1415	 4	 0.000003514	 0.198840000	 0.000076483  FX
1539	 2	 0.000001645	 0.346870000	 0.000040936  FX
1433	 3	 0.000004219	 0.482230000	 0.000096737  FX
1626	 1	 0.000001229	 0.493970000	 0.000035325  FX
1420	 2	 0.000003579	 0.810870000	 0.000090178  FX
10261	 1	 0.000132646	 25.671794498	 0.003253993  VM
10285	 1	 0.000131642	 25.477516479	 0.003229367  VM
10292	 1	 0.000131196	 25.391094081	 0.003218413  VM
10275	 1	 0.000099342	 47.587825363	 0.003009873  FX
10268	 1	 0.000099009	 47.428425363	 0.002999805  FX
10255	 2	 0.000147256	 35.293395363	 0.003749631  FX
10260	 2	 0.000157464	 37.743365363	 0.004009633  FX
10303	 1	 0.000093800	 44.928045363	 0.002841875  FX
10258	 1	 0.000132944	 25.729406927	 0.003261295  VM
10276	 1	 0.000131653	 25.479640530	 0.003229636  VM
10280	 3	 0.000251131	 30.111635363	 0.005787072  FX
10283	 2	 0.000153468	 36.784175363	 0.003907839  FX
10256	 1	 0.000134227	 25.977744393	 0.003292773  VM
10295	 3	 0.000247326	 29.655035363	 0.005699382  FX
10301	 2	 0.000148515	 35.595535363	 0.003781695  FX
10262	 2	 0.000159142	 38.146075363	 0.004052371  FX
10290	 1	 0.000099013	 47.429985363	 0.002999903  FX
10272	 1	 0.000100265	 48.030915363	 0.003037859  FX
10291	 2	 0.000153354	 36.756865363	 0.003904941  FX
10281	 1	 0.000098695	 47.277555363	 0.002990276  FX
10289	 1	 0.000098252	 47.064635363	 0.002976827  FX
10264	 1	 0.000105212	 50.405595363	 0.003187849  FX
10298	 1	 0.000093127	 44.605095363	 0.002821477  FX
10269	 1	 0.000131616	 25.472334701	 0.003228710  VM
10297	 1	 0.000093643	 44.852465363	 0.002837102  FX
10273	 2	 0.000153189	 36.717205363	 0.003900732  FX
10294	 3	 0.000248937	 29.848375363	 0.005736513  FX
10266	 1	 0.000103671	 49.666105363	 0.003141141  FX
10284	 1	 0.000099048	 47.446895363	 0.003000971  FX
10304	 1	 0.000131239	 25.399406867	 0.003219466  VM
10293	 3	 0.000247093	 29.627045363	 0.005694007  FX
10287	 2	 0.000152617	 36.580045363	 0.003886176  FX
10267	 1	 0.000098784	 47.320345363	 0.002992978  FX
10270	 2	 0.000153019	 36.676585363	 0.003896421  FX
10271	 1	 0.000131615	 25.472177301	 0.003228690  VM
10288	 1	 0.000131615	 25.472178486	 0.003228691  VM
10263	 1	 0.000132028	 25.552233464	 0.003238838  VM
10278	 1	 0.000098627	 47.244655363	 0.002988198  FX
10300	 2	 0.000147832	 35.431715363	 0.003764310  FX
10257	 2	 0.000170877	 40.962425363	 0.004351255  FX
10296	 2	 0.000148004	 35.472965363	 0.003768687  FX
10279	 3	 0.000251308	 30.132845363	 0.005791146  FX
10265	 1	 0.000132107	 25.567430021	 0.003240764  VM
10282	 1	 0.000098603	 47.233115363	 0.002987469  FX
10299	 3	 0.000249304	 29.892415363	 0.005744971  FX
10277	 1	 0.000131622	 25.473536823	 0.003228863  VM
10286	 1	 0.000098511	 47.189225363	 0.002984696  FX
10259	 1	 0.000132094	 25.564918256	 0.003240446  VM
10274	 1	 0.000100270	 48.033425363	 0.003038018  FX
10302	 1	 0.000131210	 25.393784416	 0.003218754  VM
10305	 1	 0.000019547	 3.783132198	 0.000479526  VM
========================================================================
