#<#tasks> <#config> <#data> <#vms> <#buckets> <#bucket_ranges> <max_running_time> <max_financial_cost>
91	5	260	3	1	3	1000	999999

#<task_id> <activity_id> <task_type__0-VM__1-VM_FX> <vm_cpu_time> <n_input> [<id_input>...] <n_output> [<id_output>...]
1	1	1	0.007653395994566381	1	[1]	1	[2]
2	1	1	0.035649410099722445	1	[3]	1	[4]
23	1	1	0.04615568905137479	1	[19]	1	[20]
24	1	1	0.01592327607795596	1	[21]	1	[22]
25	1	1	0.052875163964927197	1	[23]	1	[24]
26	1	1	0.06703506002668291	1	[25]	1	[26]
27	1	1	0.035254852031357586	1	[27]	1	[28]
28	1	1	0.0482417099410668	1	[29]	1	[30]
29	1	1	0.03336850297637284	1	[31]	1	[32]
30	1	1	0.055940620019100606	1	[33]	1	[34]
731	1	1	0.03206083900295198	1	[120]	1	[121]
732	1	1	0.017760457936674356	1	[122]	1	[123]
733	1	1	0.021349051035940647	1	[124]	1	[125]
734	1	1	0.02648432203568518	1	[126]	1	[127]
735	1	1	0.09295501699671149	1	[128]	1	[129]
736	1	1	0.04961757909040898	1	[130]	1	[131]
737	1	1	0.028035704977810383	1	[132]	1	[133]
738	1	1	0.060787740047089756	1	[134]	1	[135]
739	1	1	0.036399523029103875	1	[136]	1	[137]
740	1	1	0.03409111709333956	1	[138]	1	[139]
802	1	1	0.031358975102193654	1	[204]	1	[205]
803	1	1	0.029419964994303882	1	[206]	1	[207]
804	1	1	0.03916848497465253	1	[208]	1	[209]
805	1	1	0.04053608002141118	1	[210]	1	[211]
806	1	1	0.05882300401572138	1	[212]	1	[213]
807	1	1	0.055674228933639824	1	[214]	1	[215]
808	1	1	0.052204551990143955	1	[216]	1	[217]
809	1	1	0.07809581595938653	1	[218]	1	[219]
810	1	1	0.05473922903183848	1	[220]	1	[221]
811	1	1	0.055572040961124	1	[222]	1	[223]
9	2	1	0.0015291349263861775	1	[2]	3	[5,6,7]
10	2	1	0.003130545956082642	1	[4]	8	[8,9,10,11,12,13,14,15]
33	2	1	0.002486758981831372	1	[20]	7	[35,36,37,38,39,40,41]
34	2	1	0.0025305000599473715	1	[22]	6	[42,43,44,45,46,47]
35	2	1	0.0023799360496923327	1	[24]	7	[48,49,50,51,52,53,54]
36	2	1	0.0026721180183812976	1	[26]	7	[55,56,57,58,59,60,61]
37	2	1	0.0032248300267383456	1	[28]	8	[62,63,64,65,66,67,68,69]
38	2	1	0.0022290589986369014	1	[30]	7	[70,71,72,73,74,75,76]
39	2	1	0.002327227033674717	1	[32]	6	[77,78,79,80,81,82]
40	2	1	0.002984842984005809	1	[34]	7	[83,84,85,86,87,88,89]
751	2	1	0.002174711902625859	1	[121]	6	[140,141,142,143,144,145]
752	2	1	0.028287951950915158	1	[123]	6	[146,147,148,149,150,151]
753	2	1	0.0018760369857773185	1	[125]	5	[152,153,154,155,156]
754	2	1	0.0025726750027388334	1	[127]	6	[157,158,159,160,161,162]
755	2	1	0.0022201460087671876	1	[129]	5	[163,164,165,166,167]
756	2	1	0.0017213940154761076	1	[131]	5	[168,169,170,171,172]
757	2	1	0.0017326660454273224	1	[133]	5	[173,174,175,176,177]
758	2	1	0.001796297961845994	1	[135]	5	[178,179,180,181,182]
759	2	1	0.001663014991208911	1	[137]	5	[183,184,185,186,187]
760	2	1	0.002222095034085214	1	[139]	5	[188,189,190,191,192]
852	2	1	0.0017676829593256116	1	[205]	5	[264,265,266,267,268]
853	2	1	0.0017848770366981626	1	[207]	5	[269,270,271,272,273]
854	2	1	0.0021901590516790748	1	[209]	5	[274,275,276,277,278]
855	2	1	0.001987135037779808	1	[211]	5	[279,280,281,282,283]
856	2	1	0.001754961907863617	1	[213]	5	[284,285,286,287,288]
857	2	1	0.0016654350329190493	1	[215]	5	[289,290,291,292,293]
858	2	1	0.0017173870000988245	1	[217]	5	[294,295,296,297,298]
859	2	1	0.001856605987995863	1	[219]	5	[299,300,301,302,303]
860	2	1	0.0020059989765286446	1	[221]	5	[304,305,306,307,308]
861	2	1	0.001959852990694344	1	[223]	5	[309,310,311,312,313]
2893	3	1	0.25747485493775457	169	[5,6,7,8,9,10,11,12,13,14,15,35,36,37,38,39,40,41,42,43,44,45,46,47,48,49,50,51,52,53,54,55,56,57,58,59,60,61,62,63,64,65,66,67,68,69,70,71,72,73,74,75,76,77,78,79,80,81,82,83,84,85,86,87,88,89,140,141,142,143,144,145,146,147,148,149,150,151,152,153,154,155,156,157,158,159,160,161,162,163,164,165,166,167,168,169,170,171,172,173,174,175,176,177,178,179,180,181,182,183,184,185,186,187,188,189,190,191,192,264,265,266,267,268,269,270,271,272,273,274,275,276,277,278,279,280,281,282,283,284,285,286,287,288,289,290,291,292,293,294,295,296,297,298,299,300,301,302,303,304,305,306,307,308,309,310,311,312,313]	1	[16]
2894	3	1	0.9021986059378833	169	[5,6,7,8,9,10,11,12,13,14,15,35,36,37,38,39,40,41,42,43,44,45,46,47,48,49,50,51,52,53,54,55,56,57,58,59,60,61,62,63,64,65,66,67,68,69,70,71,72,73,74,75,76,77,78,79,80,81,82,83,84,85,86,87,88,89,140,141,142,143,144,145,146,147,148,149,150,151,152,153,154,155,156,157,158,159,160,161,162,163,164,165,166,167,168,169,170,171,172,173,174,175,176,177,178,179,180,181,182,183,184,185,186,187,188,189,190,191,192,264,265,266,267,268,269,270,271,272,273,274,275,276,277,278,279,280,281,282,283,284,285,286,287,288,289,290,291,292,293,294,295,296,297,298,299,300,301,302,303,304,305,306,307,308,309,310,311,312,313]	1	[90]
2895	3	1	0.8980292840860784	169	[5,6,7,8,9,10,11,12,13,14,15,35,36,37,38,39,40,41,42,43,44,45,46,47,48,49,50,51,52,53,54,55,56,57,58,59,60,61,62,63,64,65,66,67,68,69,70,71,72,73,74,75,76,77,78,79,80,81,82,83,84,85,86,87,88,89,140,141,142,143,144,145,146,147,148,149,150,151,152,153,154,155,156,157,158,159,160,161,162,163,164,165,166,167,168,169,170,171,172,173,174,175,176,177,178,179,180,181,182,183,184,185,186,187,188,189,190,191,192,264,265,266,267,268,269,270,271,272,273,274,275,276,277,278,279,280,281,282,283,284,285,286,287,288,289,290,291,292,293,294,295,296,297,298,299,300,301,302,303,304,305,306,307,308,309,310,311,312,313]	1	[95]
2896	3	1	0.6662049520527944	169	[5,6,7,8,9,10,11,12,13,14,15,35,36,37,38,39,40,41,42,43,44,45,46,47,48,49,50,51,52,53,54,55,56,57,58,59,60,61,62,63,64,65,66,67,68,69,70,71,72,73,74,75,76,77,78,79,80,81,82,83,84,85,86,87,88,89,140,141,142,143,144,145,146,147,148,149,150,151,152,153,154,155,156,157,158,159,160,161,162,163,164,165,166,167,168,169,170,171,172,173,174,175,176,177,178,179,180,181,182,183,184,185,186,187,188,189,190,191,192,264,265,266,267,268,269,270,271,272,273,274,275,276,277,278,279,280,281,282,283,284,285,286,287,288,289,290,291,292,293,294,295,296,297,298,299,300,301,302,303,304,305,306,307,308,309,310,311,312,313]	1	[91]
2897	3	1	0.6858873349847272	169	[5,6,7,8,9,10,11,12,13,14,15,35,36,37,38,39,40,41,42,43,44,45,46,47,48,49,50,51,52,53,54,55,56,57,58,59,60,61,62,63,64,65,66,67,68,69,70,71,72,73,74,75,76,77,78,79,80,81,82,83,84,85,86,87,88,89,140,141,142,143,144,145,146,147,148,149,150,151,152,153,154,155,156,157,158,159,160,161,162,163,164,165,166,167,168,169,170,171,172,173,174,175,176,177,178,179,180,181,182,183,184,185,186,187,188,189,190,191,192,264,265,266,267,268,269,270,271,272,273,274,275,276,277,278,279,280,281,282,283,284,285,286,287,288,289,290,291,292,293,294,295,296,297,298,299,300,301,302,303,304,305,306,307,308,309,310,311,312,313]	1	[93]
2898	3	1	0.6421360409585759	169	[5,6,7,8,9,10,11,12,13,14,15,35,36,37,38,39,40,41,42,43,44,45,46,47,48,49,50,51,52,53,54,55,56,57,58,59,60,61,62,63,64,65,66,67,68,69,70,71,72,73,74,75,76,77,78,79,80,81,82,83,84,85,86,87,88,89,140,141,142,143,144,145,146,147,148,149,150,151,152,153,154,155,156,157,158,159,160,161,162,163,164,165,166,167,168,169,170,171,172,173,174,175,176,177,178,179,180,181,182,183,184,185,186,187,188,189,190,191,192,264,265,266,267,268,269,270,271,272,273,274,275,276,277,278,279,280,281,282,283,284,285,286,287,288,289,290,291,292,293,294,295,296,297,298,299,300,301,302,303,304,305,306,307,308,309,310,311,312,313]	1	[94]
2899	3	1	0.6721215270226821	169	[5,6,7,8,9,10,11,12,13,14,15,35,36,37,38,39,40,41,42,43,44,45,46,47,48,49,50,51,52,53,54,55,56,57,58,59,60,61,62,63,64,65,66,67,68,69,70,71,72,73,74,75,76,77,78,79,80,81,82,83,84,85,86,87,88,89,140,141,142,143,144,145,146,147,148,149,150,151,152,153,154,155,156,157,158,159,160,161,162,163,164,165,166,167,168,169,170,171,172,173,174,175,176,177,178,179,180,181,182,183,184,185,186,187,188,189,190,191,192,264,265,266,267,268,269,270,271,272,273,274,275,276,277,278,279,280,281,282,283,284,285,286,287,288,289,290,291,292,293,294,295,296,297,298,299,300,301,302,303,304,305,306,307,308,309,310,311,312,313]	1	[96]
2900	3	1	0.5661872669588774	169	[5,6,7,8,9,10,11,12,13,14,15,35,36,37,38,39,40,41,42,43,44,45,46,47,48,49,50,51,52,53,54,55,56,57,58,59,60,61,62,63,64,65,66,67,68,69,70,71,72,73,74,75,76,77,78,79,80,81,82,83,84,85,86,87,88,89,140,141,142,143,144,145,146,147,148,149,150,151,152,153,154,155,156,157,158,159,160,161,162,163,164,165,166,167,168,169,170,171,172,173,174,175,176,177,178,179,180,181,182,183,184,185,186,187,188,189,190,191,192,264,265,266,267,268,269,270,271,272,273,274,275,276,277,278,279,280,281,282,283,284,285,286,287,288,289,290,291,292,293,294,295,296,297,298,299,300,301,302,303,304,305,306,307,308,309,310,311,312,313]	1	[97]
2901	3	1	0.7191695109941065	169	[5,6,7,8,9,10,11,12,13,14,15,35,36,37,38,39,40,41,42,43,44,45,46,47,48,49,50,51,52,53,54,55,56,57,58,59,60,61,62,63,64,65,66,67,68,69,70,71,72,73,74,75,76,77,78,79,80,81,82,83,84,85,86,87,88,89,140,141,142,143,144,145,146,147,148,149,150,151,152,153,154,155,156,157,158,159,160,161,162,163,164,165,166,167,168,169,170,171,172,173,174,175,176,177,178,179,180,181,182,183,184,185,186,187,188,189,190,191,192,264,265,266,267,268,269,270,271,272,273,274,275,276,277,278,279,280,281,282,283,284,285,286,287,288,289,290,291,292,293,294,295,296,297,298,299,300,301,302,303,304,305,306,307,308,309,310,311,312,313]	1	[98]
2902	3	1	0.5495506320148706	169	[5,6,7,8,9,10,11,12,13,14,15,35,36,37,38,39,40,41,42,43,44,45,46,47,48,49,50,51,52,53,54,55,56,57,58,59,60,61,62,63,64,65,66,67,68,69,70,71,72,73,74,75,76,77,78,79,80,81,82,83,84,85,86,87,88,89,140,141,142,143,144,145,146,147,148,149,150,151,152,153,154,155,156,157,158,159,160,161,162,163,164,165,166,167,168,169,170,171,172,173,174,175,176,177,178,179,180,181,182,183,184,185,186,187,188,189,190,191,192,264,265,266,267,268,269,270,271,272,273,274,275,276,277,278,279,280,281,282,283,284,285,286,287,288,289,290,291,292,293,294,295,296,297,298,299,300,301,302,303,304,305,306,307,308,309,310,311,312,313]	1	[92]
2903	3	1	0.5346064590848982	169	[5,6,7,8,9,10,11,12,13,14,15,35,36,37,38,39,40,41,42,43,44,45,46,47,48,49,50,51,52,53,54,55,56,57,58,59,60,61,62,63,64,65,66,67,68,69,70,71,72,73,74,75,76,77,78,79,80,81,82,83,84,85,86,87,88,89,140,141,142,143,144,145,146,147,148,149,150,151,152,153,154,155,156,157,158,159,160,161,162,163,164,165,166,167,168,169,170,171,172,173,174,175,176,177,178,179,180,181,182,183,184,185,186,187,188,189,190,191,192,264,265,266,267,268,269,270,271,272,273,274,275,276,277,278,279,280,281,282,283,284,285,286,287,288,289,290,291,292,293,294,295,296,297,298,299,300,301,302,303,304,305,306,307,308,309,310,311,312,313]	1	[193]
2904	3	1	0.6138941559474915	169	[5,6,7,8,9,10,11,12,13,14,15,35,36,37,38,39,40,41,42,43,44,45,46,47,48,49,50,51,52,53,54,55,56,57,58,59,60,61,62,63,64,65,66,67,68,69,70,71,72,73,74,75,76,77,78,79,80,81,82,83,84,85,86,87,88,89,140,141,142,143,144,145,146,147,148,149,150,151,152,153,154,155,156,157,158,159,160,161,162,163,164,165,166,167,168,169,170,171,172,173,174,175,176,177,178,179,180,181,182,183,184,185,186,187,188,189,190,191,192,264,265,266,267,268,269,270,271,272,273,274,275,276,277,278,279,280,281,282,283,284,285,286,287,288,289,290,291,292,293,294,295,296,297,298,299,300,301,302,303,304,305,306,307,308,309,310,311,312,313]	1	[194]
2905	3	1	0.5698826860170811	169	[5,6,7,8,9,10,11,12,13,14,15,35,36,37,38,39,40,41,42,43,44,45,46,47,48,49,50,51,52,53,54,55,56,57,58,59,60,61,62,63,64,65,66,67,68,69,70,71,72,73,74,75,76,77,78,79,80,81,82,83,84,85,86,87,88,89,140,141,142,143,144,145,146,147,148,149,150,151,152,153,154,155,156,157,158,159,160,161,162,163,164,165,166,167,168,169,170,171,172,173,174,175,176,177,178,179,180,181,182,183,184,185,186,187,188,189,190,191,192,264,265,266,267,268,269,270,271,272,273,274,275,276,277,278,279,280,281,282,283,284,285,286,287,288,289,290,291,292,293,294,295,296,297,298,299,300,301,302,303,304,305,306,307,308,309,310,311,312,313]	1	[195]
2906	3	1	0.5819125879788771	169	[5,6,7,8,9,10,11,12,13,14,15,35,36,37,38,39,40,41,42,43,44,45,46,47,48,49,50,51,52,53,54,55,56,57,58,59,60,61,62,63,64,65,66,67,68,69,70,71,72,73,74,75,76,77,78,79,80,81,82,83,84,85,86,87,88,89,140,141,142,143,144,145,146,147,148,149,150,151,152,153,154,155,156,157,158,159,160,161,162,163,164,165,166,167,168,169,170,171,172,173,174,175,176,177,178,179,180,181,182,183,184,185,186,187,188,189,190,191,192,264,265,266,267,268,269,270,271,272,273,274,275,276,277,278,279,280,281,282,283,284,285,286,287,288,289,290,291,292,293,294,295,296,297,298,299,300,301,302,303,304,305,306,307,308,309,310,311,312,313]	1	[196]
2907	3	1	0.46168541198130697	169	[5,6,7,8,9,10,11,12,13,14,15,35,36,37,38,39,40,41,42,43,44,45,46,47,48,49,50,51,52,53,54,55,56,57,58,59,60,61,62,63,64,65,66,67,68,69,70,71,72,73,74,75,76,77,78,79,80,81,82,83,84,85,86,87,88,89,140,141,142,143,144,145,146,147,148,149,150,151,152,153,154,155,156,157,158,159,160,161,162,163,164,165,166,167,168,169,170,171,172,173,174,175,176,177,178,179,180,181,182,183,184,185,186,187,188,189,190,191,192,264,265,266,267,268,269,270,271,272,273,274,275,276,277,278,279,280,281,282,283,284,285,286,287,288,289,290,291,292,293,294,295,296,297,298,299,300,301,302,303,304,305,306,307,308,309,310,311,312,313]	1	[197]
2908	3	1	0.4484739820472896	169	[5,6,7,8,9,10,11,12,13,14,15,35,36,37,38,39,40,41,42,43,44,45,46,47,48,49,50,51,52,53,54,55,56,57,58,59,60,61,62,63,64,65,66,67,68,69,70,71,72,73,74,75,76,77,78,79,80,81,82,83,84,85,86,87,88,89,140,141,142,143,144,145,146,147,148,149,150,151,152,153,154,155,156,157,158,159,160,161,162,163,164,165,166,167,168,169,170,171,172,173,174,175,176,177,178,179,180,181,182,183,184,185,186,187,188,189,190,191,192,264,265,266,267,268,269,270,271,272,273,274,275,276,277,278,279,280,281,282,283,284,285,286,287,288,289,290,291,292,293,294,295,296,297,298,299,300,301,302,303,304,305,306,307,308,309,310,311,312,313]	1	[198]
2909	3	1	0.44213001208845526	169	[5,6,7,8,9,10,11,12,13,14,15,35,36,37,38,39,40,41,42,43,44,45,46,47,48,49,50,51,52,53,54,55,56,57,58,59,60,61,62,63,64,65,66,67,68,69,70,71,72,73,74,75,76,77,78,79,80,81,82,83,84,85,86,87,88,89,140,141,142,143,144,145,146,147,148,149,150,151,152,153,154,155,156,157,158,159,160,161,162,163,164,165,166,167,168,169,170,171,172,173,174,175,176,177,178,179,180,181,182,183,184,185,186,187,188,189,190,191,192,264,265,266,267,268,269,270,271,272,273,274,275,276,277,278,279,280,281,282,283,284,285,286,287,288,289,290,291,292,293,294,295,296,297,298,299,300,301,302,303,304,305,306,307,308,309,310,311,312,313]	1	[199]
2910	3	1	0.44914807996246964	169	[5,6,7,8,9,10,11,12,13,14,15,35,36,37,38,39,40,41,42,43,44,45,46,47,48,49,50,51,52,53,54,55,56,57,58,59,60,61,62,63,64,65,66,67,68,69,70,71,72,73,74,75,76,77,78,79,80,81,82,83,84,85,86,87,88,89,140,141,142,143,144,145,146,147,148,149,150,151,152,153,154,155,156,157,158,159,160,161,162,163,164,165,166,167,168,169,170,171,172,173,174,175,176,177,178,179,180,181,182,183,184,185,186,187,188,189,190,191,192,264,265,266,267,268,269,270,271,272,273,274,275,276,277,278,279,280,281,282,283,284,285,286,287,288,289,290,291,292,293,294,295,296,297,298,299,300,301,302,303,304,305,306,307,308,309,310,311,312,313]	1	[200]
2911	3	1	0.4443251430056989	169	[5,6,7,8,9,10,11,12,13,14,15,35,36,37,38,39,40,41,42,43,44,45,46,47,48,49,50,51,52,53,54,55,56,57,58,59,60,61,62,63,64,65,66,67,68,69,70,71,72,73,74,75,76,77,78,79,80,81,82,83,84,85,86,87,88,89,140,141,142,143,144,145,146,147,148,149,150,151,152,153,154,155,156,157,158,159,160,161,162,163,164,165,166,167,168,169,170,171,172,173,174,175,176,177,178,179,180,181,182,183,184,185,186,187,188,189,190,191,192,264,265,266,267,268,269,270,271,272,273,274,275,276,277,278,279,280,281,282,283,284,285,286,287,288,289,290,291,292,293,294,295,296,297,298,299,300,301,302,303,304,305,306,307,308,309,310,311,312,313]	1	[201]
2912	3	1	0.44940493593458086	169	[5,6,7,8,9,10,11,12,13,14,15,35,36,37,38,39,40,41,42,43,44,45,46,47,48,49,50,51,52,53,54,55,56,57,58,59,60,61,62,63,64,65,66,67,68,69,70,71,72,73,74,75,76,77,78,79,80,81,82,83,84,85,86,87,88,89,140,141,142,143,144,145,146,147,148,149,150,151,152,153,154,155,156,157,158,159,160,161,162,163,164,165,166,167,168,169,170,171,172,173,174,175,176,177,178,179,180,181,182,183,184,185,186,187,188,189,190,191,192,264,265,266,267,268,269,270,271,272,273,274,275,276,277,278,279,280,281,282,283,284,285,286,287,288,289,290,291,292,293,294,295,296,297,298,299,300,301,302,303,304,305,306,307,308,309,310,311,312,313]	1	[202]
2913	3	1	0.43795202393084764	169	[5,6,7,8,9,10,11,12,13,14,15,35,36,37,38,39,40,41,42,43,44,45,46,47,48,49,50,51,52,53,54,55,56,57,58,59,60,61,62,63,64,65,66,67,68,69,70,71,72,73,74,75,76,77,78,79,80,81,82,83,84,85,86,87,88,89,140,141,142,143,144,145,146,147,148,149,150,151,152,153,154,155,156,157,158,159,160,161,162,163,164,165,166,167,168,169,170,171,172,173,174,175,176,177,178,179,180,181,182,183,184,185,186,187,188,189,190,191,192,264,265,266,267,268,269,270,271,272,273,274,275,276,277,278,279,280,281,282,283,284,285,286,287,288,289,290,291,292,293,294,295,296,297,298,299,300,301,302,303,304,305,306,307,308,309,310,311,312,313]	1	[405]
2914	3	1	0.44997013302054256	169	[5,6,7,8,9,10,11,12,13,14,15,35,36,37,38,39,40,41,42,43,44,45,46,47,48,49,50,51,52,53,54,55,56,57,58,59,60,61,62,63,64,65,66,67,68,69,70,71,72,73,74,75,76,77,78,79,80,81,82,83,84,85,86,87,88,89,140,141,142,143,144,145,146,147,148,149,150,151,152,153,154,155,156,157,158,159,160,161,162,163,164,165,166,167,168,169,170,171,172,173,174,175,176,177,178,179,180,181,182,183,184,185,186,187,188,189,190,191,192,264,265,266,267,268,269,270,271,272,273,274,275,276,277,278,279,280,281,282,283,284,285,286,287,288,289,290,291,292,293,294,295,296,297,298,299,300,301,302,303,304,305,306,307,308,309,310,311,312,313]	1	[406]
2915	3	1	0.4500338879879564	169	[5,6,7,8,9,10,11,12,13,14,15,35,36,37,38,39,40,41,42,43,44,45,46,47,48,49,50,51,52,53,54,55,56,57,58,59,60,61,62,63,64,65,66,67,68,69,70,71,72,73,74,75,76,77,78,79,80,81,82,83,84,85,86,87,88,89,140,141,142,143,144,145,146,147,148,149,150,151,152,153,154,155,156,157,158,159,160,161,162,163,164,165,166,167,168,169,170,171,172,173,174,175,176,177,178,179,180,181,182,183,184,185,186,187,188,189,190,191,192,264,265,266,267,268,269,270,271,272,273,274,275,276,277,278,279,280,281,282,283,284,285,286,287,288,289,290,291,292,293,294,295,296,297,298,299,300,301,302,303,304,305,306,307,308,309,310,311,312,313]	1	[407]
2916	3	1	0.5004399659810588	169	[5,6,7,8,9,10,11,12,13,14,15,35,36,37,38,39,40,41,42,43,44,45,46,47,48,49,50,51,52,53,54,55,56,57,58,59,60,61,62,63,64,65,66,67,68,69,70,71,72,73,74,75,76,77,78,79,80,81,82,83,84,85,86,87,88,89,140,141,142,143,144,145,146,147,148,149,150,151,152,153,154,155,156,157,158,159,160,161,162,163,164,165,166,167,168,169,170,171,172,173,174,175,176,177,178,179,180,181,182,183,184,185,186,187,188,189,190,191,192,264,265,266,267,268,269,270,271,272,273,274,275,276,277,278,279,280,281,282,283,284,285,286,287,288,289,290,291,292,293,294,295,296,297,298,299,300,301,302,303,304,305,306,307,308,309,310,311,312,313]	1	[408]
2917	3	1	0.4405321819940582	169	[5,6,7,8,9,10,11,12,13,14,15,35,36,37,38,39,40,41,42,43,44,45,46,47,48,49,50,51,52,53,54,55,56,57,58,59,60,61,62,63,64,65,66,67,68,69,70,71,72,73,74,75,76,77,78,79,80,81,82,83,84,85,86,87,88,89,140,141,142,143,144,145,146,147,148,149,150,151,152,153,154,155,156,157,158,159,160,161,162,163,164,165,166,167,168,169,170,171,172,173,174,175,176,177,178,179,180,181,182,183,184,185,186,187,188,189,190,191,192,264,265,266,267,268,269,270,271,272,273,274,275,276,277,278,279,280,281,282,283,284,285,286,287,288,289,290,291,292,293,294,295,296,297,298,299,300,301,302,303,304,305,306,307,308,309,310,311,312,313]	1	[409]
2918	3	1	0.44079987599980086	169	[5,6,7,8,9,10,11,12,13,14,15,35,36,37,38,39,40,41,42,43,44,45,46,47,48,49,50,51,52,53,54,55,56,57,58,59,60,61,62,63,64,65,66,67,68,69,70,71,72,73,74,75,76,77,78,79,80,81,82,83,84,85,86,87,88,89,140,141,142,143,144,145,146,147,148,149,150,151,152,153,154,155,156,157,158,159,160,161,162,163,164,165,166,167,168,169,170,171,172,173,174,175,176,177,178,179,180,181,182,183,184,185,186,187,188,189,190,191,192,264,265,266,267,268,269,270,271,272,273,274,275,276,277,278,279,280,281,282,283,284,285,286,287,288,289,290,291,292,293,294,295,296,297,298,299,300,301,302,303,304,305,306,307,308,309,310,311,312,313]	1	[410]
2919	3	1	0.46111034404020756	169	[5,6,7,8,9,10,11,12,13,14,15,35,36,37,38,39,40,41,42,43,44,45,46,47,48,49,50,51,52,53,54,55,56,57,58,59,60,61,62,63,64,65,66,67,68,69,70,71,72,73,74,75,76,77,78,79,80,81,82,83,84,85,86,87,88,89,140,141,142,143,144,145,146,147,148,149,150,151,152,153,154,155,156,157,158,159,160,161,162,163,164,165,166,167,168,169,170,171,172,173,174,175,176,177,178,179,180,181,182,183,184,185,186,187,188,189,190,191,192,264,265,266,267,268,269,270,271,272,273,274,275,276,277,278,279,280,281,282,283,284,285,286,287,288,289,290,291,292,293,294,295,296,297,298,299,300,301,302,303,304,305,306,307,308,309,310,311,312,313]	1	[411]
2920	3	1	0.4490231079980731	169	[5,6,7,8,9,10,11,12,13,14,15,35,36,37,38,39,40,41,42,43,44,45,46,47,48,49,50,51,52,53,54,55,56,57,58,59,60,61,62,63,64,65,66,67,68,69,70,71,72,73,74,75,76,77,78,79,80,81,82,83,84,85,86,87,88,89,140,141,142,143,144,145,146,147,148,149,150,151,152,153,154,155,156,157,158,159,160,161,162,163,164,165,166,167,168,169,170,171,172,173,174,175,176,177,178,179,180,181,182,183,184,185,186,187,188,189,190,191,192,264,265,266,267,268,269,270,271,272,273,274,275,276,277,278,279,280,281,282,283,284,285,286,287,288,289,290,291,292,293,294,295,296,297,298,299,300,301,302,303,304,305,306,307,308,309,310,311,312,313]	1	[412]
2921	3	1	0.49837142298929393	169	[5,6,7,8,9,10,11,12,13,14,15,35,36,37,38,39,40,41,42,43,44,45,46,47,48,49,50,51,52,53,54,55,56,57,58,59,60,61,62,63,64,65,66,67,68,69,70,71,72,73,74,75,76,77,78,79,80,81,82,83,84,85,86,87,88,89,140,141,142,143,144,145,146,147,148,149,150,151,152,153,154,155,156,157,158,159,160,161,162,163,164,165,166,167,168,169,170,171,172,173,174,175,176,177,178,179,180,181,182,183,184,185,186,187,188,189,190,191,192,264,265,266,267,268,269,270,271,272,273,274,275,276,277,278,279,280,281,282,283,284,285,286,287,288,289,290,291,292,293,294,295,296,297,298,299,300,301,302,303,304,305,306,307,308,309,310,311,312,313]	1	[413]
2922	3	1	0.4604335530893877	169	[5,6,7,8,9,10,11,12,13,14,15,35,36,37,38,39,40,41,42,43,44,45,46,47,48,49,50,51,52,53,54,55,56,57,58,59,60,61,62,63,64,65,66,67,68,69,70,71,72,73,74,75,76,77,78,79,80,81,82,83,84,85,86,87,88,89,140,141,142,143,144,145,146,147,148,149,150,151,152,153,154,155,156,157,158,159,160,161,162,163,164,165,166,167,168,169,170,171,172,173,174,175,176,177,178,179,180,181,182,183,184,185,186,187,188,189,190,191,192,264,265,266,267,268,269,270,271,272,273,274,275,276,277,278,279,280,281,282,283,284,285,286,287,288,289,290,291,292,293,294,295,296,297,298,299,300,301,302,303,304,305,306,307,308,309,310,311,312,313]	1	[414]
2923	4	1	0.001307286904193461	30	[16,90,91,92,93,94,95,96,97,98,193,194,195,196,197,198,199,200,201,202,405,406,407,408,409,410,411,412,413,414]	1	[1275]

#<data_id> <data_size> <read_time_avg> <write_time_avg> <is_static> <n_source_devices> [<device_id>...]
1	1662	0.18640580179999233	None	1	1	[denethor_bucket]
2	339	0.17879416580001362	0.060761789399975896	0	0	[denethor_bucket]
3	2666	0.07341185620005035	None	1	1	[denethor_bucket]
4	640	0.07401712939997651	0.048543659000051774	0	0	[denethor_bucket]
5	185	0.11305015166662678	0.06464120039997852	0	0	[denethor_bucket]
6	185	0.12373161433334676	0.048248652199959	0	0	[denethor_bucket]
7	339	0.11986179900002022	0.05029291059997831	0	0	[denethor_bucket]
8	187	0.12009678066666153	0.04746839940003156	0	0	[denethor_bucket]
9	245	0.11289428000002547	0.0490980565999962	0	0	[denethor_bucket]
10	301	0.1291751513333281	0.0505472121999901	0	0	[denethor_bucket]
11	191	0.11047857300004212	0.05046678979999797	0	0	[denethor_bucket]
12	421	0.11614699966662563	0.05435646140006156	0	0	[denethor_bucket]
13	481	0.11678457433326593	0.05268920140003957	0	0	[denethor_bucket]
14	539	0.11980164233329965	0.05224381299992729	0	0	[denethor_bucket]
15	640	0.12011512633333167	0.04951381160001347	0	0	[denethor_bucket]
16	185	0.16480438740009049	0.16234784399991894	0	0	[denethor_bucket]
19	3358	0.06634366740001951	None	1	1	[denethor_bucket]
20	595	0.06488598719990932	0.05100620480002362	0	0	[denethor_bucket]
21	2439	0.081500889799986	None	1	1	[denethor_bucket]
22	521	0.06480936480004403	0.04763801000003696	0	0	[denethor_bucket]
23	3213	0.06730267760001425	None	1	1	[denethor_bucket]
24	581	0.06025186260003466	0.051379545800182315	0	0	[denethor_bucket]
25	3265	0.06549081139992267	None	1	1	[denethor_bucket]
26	567	0.06529203400000369	0.050287333200049036	0	0	[denethor_bucket]
27	2666	0.07426909879998221	None	1	1	[denethor_bucket]
28	640	0.06432533519994195	0.043194882800003144	0	0	[denethor_bucket]
29	3224	0.06208651379993171	None	1	1	[denethor_bucket]
30	575	0.05990356619997783	0.050662326200063036	0	0	[denethor_bucket]
31	2771	0.07776155260007726	None	1	1	[denethor_bucket]
32	511	0.07050749919997089	0.05172858059993359	0	0	[denethor_bucket]
33	2627	0.06144652880004742	None	1	1	[denethor_bucket]
34	563	0.06243420259997947	0.05168599079995602	0	0	[denethor_bucket]
35	187	0.11942882299994982	0.055862238800000345	0	0	[denethor_bucket]
36	245	0.11976399200005067	0.05156685900003595	0	0	[denethor_bucket]
37	309	0.1131204120000334	0.048839508199966984	0	0	[denethor_bucket]
38	199	0.1264403196666609	0.05113421279993418	0	0	[denethor_bucket]
39	367	0.11306255366672262	0.04881003920002058	0	0	[denethor_bucket]
40	187	0.1198220113333688	0.052839499800006705	0	0	[denethor_bucket]
41	595	0.11980910166668929	0.05209873740000148	0	0	[denethor_bucket]
42	185	0.12372262233337974	0.05042084659994544	0	0	[denethor_bucket]
43	249	0.11589260933337205	0.05229502699994555	0	0	[denethor_bucket]
44	187	0.11917461833325196	0.05122207479998906	0	0	[denethor_bucket]
45	305	0.11564943333334538	0.047932101200058246	0	0	[denethor_bucket]
46	187	0.12626051999994123	0.05131714440005908	0	0	[denethor_bucket]
47	521	0.11812190866662789	0.04836038360001567	0	0	[denethor_bucket]
48	187	0.11307101233328841	0.050712053600022955	0	0	[denethor_bucket]
49	191	0.11345337166670817	0.0515853760000482	0	0	[denethor_bucket]
50	243	0.1327922366667448	0.047273611800051185	0	0	[denethor_bucket]
51	363	0.1264998756667143	0.05098375179993582	0	0	[denethor_bucket]
52	421	0.11965719333330553	0.05666875919998802	0	0	[denethor_bucket]
53	191	0.11988388633336935	0.05196982699997079	0	0	[denethor_bucket]
54	581	0.12635759633326393	0.04779120939995209	0	0	[denethor_bucket]
55	187	0.11309469700000373	0.050828167600025155	0	0	[denethor_bucket]
56	187	0.12290212666667343	0.05004574020001656	0	0	[denethor_bucket]
57	183	0.11680414600000219	0.04996442959989054	0	0	[denethor_bucket]
58	239	0.11971496233329523	0.04970847359995787	0	0	[denethor_bucket]
59	355	0.11311031366671884	0.04557860340005391	0	0	[denethor_bucket]
60	243	0.11975035200002085	0.049591532999988884	0	0	[denethor_bucket]
61	567	0.11642135533330622	0.04833583019999423	0	0	[denethor_bucket]
62	187	0.11298907233333931	0.05188720899998316	0	0	[denethor_bucket]
63	245	0.11311526400002508	0.048365300199975536	0	0	[denethor_bucket]
64	301	0.11981007099998901	0.049121091800020625	0	0	[denethor_bucket]
65	191	0.11315082499995828	0.052921029000049205	0	0	[denethor_bucket]
66	421	0.11310075999996644	0.04935710219997418	0	0	[denethor_bucket]
67	481	0.11312058500001872	0.05315586780006925	0	0	[denethor_bucket]
68	539	0.11983145599998136	0.05436107220000395	0	0	[denethor_bucket]
69	640	0.11694476833331155	0.05506399700000202	0	0	[denethor_bucket]
70	187	0.11651430133339104	0.05329010719992766	0	0	[denethor_bucket]
71	243	0.11978390766667714	0.04765550020001683	0	0	[denethor_bucket]
72	299	0.1205541736666382	0.051040456600048856	0	0	[denethor_bucket]
73	187	0.11904773333334151	0.05003915459990367	0	0	[denethor_bucket]
74	183	0.11972743600003782	0.046407232600085994	0	0	[denethor_bucket]
75	415	0.11976365000001932	0.05097384359996795	0	0	[denethor_bucket]
76	575	0.11535572733326221	0.056360961199925445	0	0	[denethor_bucket]
77	187	0.11995763800008323	0.05457587019996026	0	0	[denethor_bucket]
78	183	0.11739988466669621	0.04751324039998508	0	0	[denethor_bucket]
79	299	0.12727750099994237	0.05198674760003996	0	0	[denethor_bucket]
80	357	0.12333890700001372	0.05094636539995463	0	0	[denethor_bucket]
81	185	0.10884400766664701	0.05345674999996391	0	0	[denethor_bucket]
82	511	0.37304499499993854	0.0517396491999989	0	0	[denethor_bucket]
83	183	0.10646544466665873	0.05187574879994372	0	0	[denethor_bucket]
84	239	0.1131085963333385	0.046794607400056525	0	0	[denethor_bucket]
85	183	0.11975364800000901	0.05426112120010203	0	0	[denethor_bucket]
86	297	0.10644111133333904	0.05310018660009064	0	0	[denethor_bucket]
87	353	0.12199301000001127	0.05065305739999531	0	0	[denethor_bucket]
88	465	0.13088498366664705	0.0509620625999105	0	0	[denethor_bucket]
89	563	0.1197911253333643	0.05958178060000137	0	0	[denethor_bucket]
90	5180	0.06388977259998682	0.11889168440009144	0	0	[denethor_bucket]
91	355	0.06458861500005923	0.11009854260003067	0	0	[denethor_bucket]
92	314	0.06285563639994507	0.10431576440005301	0	0	[denethor_bucket]
93	355	0.06602166620004937	0.10596287479997955	0	0	[denethor_bucket]
94	355	0.0668066442000054	0.11158114839997779	0	0	[denethor_bucket]
95	5134	0.06518911400000889	0.11687477199986916	0	0	[denethor_bucket]
96	355	0.06602632340001265	0.11246542420003607	0	0	[denethor_bucket]
97	314	0.06853766719997338	0.11234932799984564	0	0	[denethor_bucket]
98	355	0.057339469599946825	0.12524967739993825	0	0	[denethor_bucket]
120	3233	0.0669037559999424	None	1	1	[denethor_bucket]
121	527	0.06655040820003251	0.05144938220000768	0	0	[denethor_bucket]
122	1865	0.07476056360001167	None	1	1	[denethor_bucket]
123	514	0.06176464419997956	0.053428291999898646	0	0	[denethor_bucket]
124	2258	0.06965891380004906	None	1	1	[denethor_bucket]
125	453	0.057121495799970036	0.05169469080008184	0	0	[denethor_bucket]
126	4105	0.07016810119989714	None	1	1	[denethor_bucket]
127	515	0.06015314099993248	0.052397542000016985	0	0	[denethor_bucket]
128	4715	0.0664720747999354	None	1	1	[denethor_bucket]
129	465	0.06348471480007448	0.04876537559998724	0	0	[denethor_bucket]
130	4851	0.05978146159993685	None	1	1	[denethor_bucket]
131	465	0.0710155976000351	0.05329683200002364	0	0	[denethor_bucket]
132	4496	0.06519730720006009	None	1	1	[denethor_bucket]
133	463	0.06696999199994025	0.045173247800016726	0	0	[denethor_bucket]
134	4047	0.07225343100003556	None	1	1	[denethor_bucket]
135	465	0.06888715180002691	0.051602327600039646	0	0	[denethor_bucket]
136	4012	0.06944899480001823	None	1	1	[denethor_bucket]
137	455	0.0640283583999917	0.049831848200051355	0	0	[denethor_bucket]
138	2659	0.07522663979991649	None	1	1	[denethor_bucket]
139	457	0.07633561860002373	0.04989026700006889	0	0	[denethor_bucket]
140	185	0.11967689466670575	0.04761152919995766	0	0	[denethor_bucket]
141	199	0.11317416066670698	0.04598239279991958	0	0	[denethor_bucket]
142	185	0.11975188900001381	0.05339512180000838	0	0	[denethor_bucket]
143	187	0.11320449300002128	0.050428120599985964	0	0	[denethor_bucket]
144	313	0.13977877466668584	0.05685571999995318	0	0	[denethor_bucket]
145	527	0.11303449233328876	0.04723169260003033	0	0	[denethor_bucket]
146	185	0.13727221966665096	0.048464099799957694	0	0	[denethor_bucket]
147	183	0.1289961170000046	0.05187697119999939	0	0	[denethor_bucket]
148	297	0.11970874066657657	0.05016575480005941	0	0	[denethor_bucket]
149	355	0.1331625163332904	0.05131736020007338	0	0	[denethor_bucket]
150	413	0.11308121333337312	0.1267555785999548	0	0	[denethor_bucket]
151	513	0.1265003549999617	0.0482586475999824	0	0	[denethor_bucket]
152	185	0.11973980699996403	0.0480515570000307	0	0	[denethor_bucket]
153	243	0.12647926000004375	0.046891586599986115	0	0	[denethor_bucket]
154	299	0.11973227199995536	0.0469124870000087	0	0	[denethor_bucket]
155	185	0.11316661033328998	0.050550178599974065	0	0	[denethor_bucket]
156	453	0.11432400000003885	0.048890914800040264	0	0	[denethor_bucket]
157	185	0.125308753666635	0.04877526020006826	0	0	[denethor_bucket]
158	249	0.11300602566663523	0.04898496560001604	0	0	[denethor_bucket]
159	305	0.11979987633328387	0.048524722199977076	0	0	[denethor_bucket]
160	363	0.1130906456667349	0.05887054239999543	0	0	[denethor_bucket]
161	183	0.12147151699999416	0.04750278760004676	0	0	[denethor_bucket]
162	515	0.12473624966668276	0.04968912180004281	0	0	[denethor_bucket]
163	187	0.11956403033339799	0.049654981799994856	0	0	[denethor_bucket]
164	243	0.11994951133331741	0.048305343200081556	0	0	[denethor_bucket]
165	187	0.11319258299998142	0.04761792980004884	0	0	[denethor_bucket]
166	307	0.11979299200001495	0.048767035600030796	0	0	[denethor_bucket]
167	465	0.1196785513333036	0.04637770719989476	0	0	[denethor_bucket]
168	187	0.11986692500000583	0.052777697799979255	0	0	[denethor_bucket]
169	243	0.1131501519999746	0.051347084600001834	0	0	[denethor_bucket]
170	187	0.11300264933341496	0.047704930599934414	0	0	[denethor_bucket]
171	245	0.12843733866666665	0.04699612379999962	0	0	[denethor_bucket]
172	465	0.1195794173333125	0.04945973620001496	0	0	[denethor_bucket]
173	185	0.11808125433330492	0.04821172559993556	0	0	[denethor_bucket]
174	249	0.1197683276667	0.05125666979997732	0	0	[denethor_bucket]
175	187	0.11456758366663643	0.0540900092000129	0	0	[denethor_bucket]
176	185	0.37169497333334744	0.047674194000046556	0	0	[denethor_bucket]
177	463	0.11971051433335783	0.04974137600001995	0	0	[denethor_bucket]
178	193	0.1112086963333826	0.04837112399998205	0	0	[denethor_bucket]
179	187	0.121651506000006	0.049988435199884405	0	0	[denethor_bucket]
180	187	0.11987110033332274	0.048035829799982825	0	0	[denethor_bucket]
181	303	0.11313352533334371	0.04879273880005713	0	0	[denethor_bucket]
182	465	0.12157828733330672	0.049765543600005915	0	0	[denethor_bucket]
183	185	0.11133592133330648	0.05241463280001426	0	0	[denethor_bucket]
184	187	0.12267708133333549	0.048503374000029	0	0	[denethor_bucket]
185	185	0.11011615099999063	0.04888144939995982	0	0	[denethor_bucket]
186	299	0.1203296829999563	0.05455418140002166	0	0	[denethor_bucket]
187	455	0.11959838400000936	0.04755023520001487	0	0	[denethor_bucket]
188	187	0.12313879300001888	0.049717506800016055	0	0	[denethor_bucket]
189	187	0.12942896533329948	0.0502014028000076	0	0	[denethor_bucket]
190	243	0.11976487833332297	0.04460826979993726	0	0	[denethor_bucket]
191	243	0.11978337933338876	0.055440972999917904	0	0	[denethor_bucket]
192	457	0.12588748799993266	0.05156966700001249	0	0	[denethor_bucket]
193	314	0.06300863959999106	0.10238290499996765	0	0	[denethor_bucket]
194	314	0.07265968380003188	0.10752746440002739	0	0	[denethor_bucket]
195	273	0.05932676239991679	0.0996402762001253	0	0	[denethor_bucket]
196	314	0.05995396899993466	0.11268460740004685	0	0	[denethor_bucket]
197	273	0.06562583100001121	0.10129285220004931	0	0	[denethor_bucket]
198	273	0.058602570800019294	0.10258907519989861	0	0	[denethor_bucket]
199	273	0.058875290999935714	0.09987890940003581	0	0	[denethor_bucket]
200	273	0.06584488399996644	0.09661801400011427	0	0	[denethor_bucket]
201	273	0.06394418960004486	0.09672286600007284	0	0	[denethor_bucket]
202	273	0.05568589119995977	0.1011957312000277	0	0	[denethor_bucket]
204	3952	0.06363141960005123	None	1	1	[denethor_bucket]
205	461	0.058430188199986334	0.04720167719997335	0	0	[denethor_bucket]
206	4336	0.07062946939997801	None	1	1	[denethor_bucket]
207	461	0.06988214379996407	0.051166652200095086	0	0	[denethor_bucket]
208	4743	0.061828368200031035	None	1	1	[denethor_bucket]
209	463	0.06751230119994034	0.050046273199995994	0	0	[denethor_bucket]
210	4502	0.06502718660001391	None	1	1	[denethor_bucket]
211	469	0.06438467060013409	0.05288509739998517	0	0	[denethor_bucket]
212	4561	0.07234461020000253	None	1	1	[denethor_bucket]
213	455	0.06484602519990404	0.04802952100005769	0	0	[denethor_bucket]
214	4110	0.07471226000002389	None	1	1	[denethor_bucket]
215	463	0.06115727919998335	0.04471643559988934	0	0	[denethor_bucket]
216	3605	0.06491397680001683	None	1	1	[denethor_bucket]
217	456	0.0594022561999509	0.05194663459997173	0	0	[denethor_bucket]
218	4071	0.07286819579996973	None	1	1	[denethor_bucket]
219	455	0.061281318600003944	0.045898842200062975	0	0	[denethor_bucket]
220	3406	0.060375920799992856	None	1	1	[denethor_bucket]
221	463	0.07041489280004498	0.0562889765999671	0	0	[denethor_bucket]
222	3356	0.06483648080004514	None	1	1	[denethor_bucket]
223	455	0.060635658199976204	0.05109162200001265	0	0	[denethor_bucket]
264	185	0.10651716833331193	0.0494476884000278	0	0	[denethor_bucket]
265	187	0.1328250893333519	0.04815530839998701	0	0	[denethor_bucket]
266	183	0.11791359299998791	0.04829326639996907	0	0	[denethor_bucket]
267	249	0.1286009186667058	0.04656051879999268	0	0	[denethor_bucket]
268	461	0.10652184833337731	0.04808815819999381	0	0	[denethor_bucket]
269	185	0.11995076733332624	0.04784643979996872	0	0	[denethor_bucket]
270	191	0.1263165023333673	0.054722198400008894	0	0	[denethor_bucket]
271	305	0.12637993500004488	0.05117918739990728	0	0	[denethor_bucket]
272	187	0.11309847399998772	0.05465979619996233	0	0	[denethor_bucket]
273	461	0.13312866966669876	0.049766220800006526	0	0	[denethor_bucket]
274	187	0.11976485366666154	0.050417022199985694	0	0	[denethor_bucket]
275	185	0.11326718033335739	0.047874023799931824	0	0	[denethor_bucket]
276	245	0.11965633066663903	0.05329903059991921	0	0	[denethor_bucket]
277	249	0.1330346230000142	0.0509934119999798	0	0	[denethor_bucket]
278	463	0.12651888300000783	0.05114477480005917	0	0	[denethor_bucket]
279	187	0.11976227500006606	0.05070012499998029	0	0	[denethor_bucket]
280	243	0.11794828433338025	0.04809911159995863	0	0	[denethor_bucket]
281	307	0.11847736166668246	0.04980662059997485	0	0	[denethor_bucket]
282	193	0.12292363066662435	0.047165717399911954	0	0	[denethor_bucket]
283	469	0.11979891133331463	0.05117473459997655	0	0	[denethor_bucket]
284	185	0.11977767866666027	0.04916347580008278	0	0	[denethor_bucket]
285	187	0.11590759266667333	0.049391372599984606	0	0	[denethor_bucket]
286	185	0.12188696799996492	0.05032164119995741	0	0	[denethor_bucket]
287	241	0.11247923066667877	0.04932063159999416	0	0	[denethor_bucket]
288	455	0.1354512966667022	0.045538622400022176	0	0	[denethor_bucket]
289	185	0.11319117966665222	0.053386267799987765	0	0	[denethor_bucket]
290	185	0.11775150866660061	0.053571984400014115	0	0	[denethor_bucket]
291	249	0.1151324553333288	0.051721100800000384	0	0	[denethor_bucket]
292	187	0.11971940066661059	0.04727108980009689	0	0	[denethor_bucket]
293	463	0.11313662466661348	0.11369014519998473	0	0	[denethor_bucket]
294	185	0.11984323300000198	0.04866575819999071	0	0	[denethor_bucket]
295	241	0.11982718666666903	0.04613828999990801	0	0	[denethor_bucket]
296	297	0.11302741133337664	0.050240438399964664	0	0	[denethor_bucket]
297	187	0.3664642149999876	0.05588678100004927	0	0	[denethor_bucket]
298	455	0.1064067373333255	0.053061923999985085	0	0	[denethor_bucket]
299	187	0.1331296210000615	0.04844890259994372	0	0	[denethor_bucket]
300	187	0.11976355766667754	0.051703282199946445	0	0	[denethor_bucket]
301	243	0.12640394399998453	0.05189926159996503	0	0	[denethor_bucket]
302	243	0.11980547399999351	0.05001865919996362	0	0	[denethor_bucket]
303	455	0.11981418699997448	0.04967533520000416	0	0	[denethor_bucket]
304	187	0.11968308833336538	0.04391508339992924	0	0	[denethor_bucket]
305	245	0.1265724753334038	0.05355627839996942	0	0	[denethor_bucket]
306	309	0.12170445033341581	0.04661829300005138	0	0	[denethor_bucket]
307	365	0.11114499166664414	0.04578708120004649	0	0	[denethor_bucket]
308	463	0.13430777300003674	0.05018573079996713	0	0	[denethor_bucket]
309	185	0.11855270533327703	0.05585848159998932	0	0	[denethor_bucket]
310	243	0.12632984500000538	0.050311442400061426	0	0	[denethor_bucket]
311	299	0.10656776466668307	0.049128759999962315	0	0	[denethor_bucket]
312	185	0.12637972933339348	0.05704305119998026	0	0	[denethor_bucket]
313	455	0.11314417600002931	0.05260989199994128	0	0	[denethor_bucket]
405	273	0.06689324600001782	0.09674571399980324	0	0	[denethor_bucket]
406	273	0.06352839560007624	0.09765666760013118	0	0	[denethor_bucket]
407	273	0.05726140979995762	0.10054477560001943	0	0	[denethor_bucket]
408	273	0.05956518160000997	0.10329932099989492	0	0	[denethor_bucket]
409	273	0.05981283079994455	0.09757868020010392	0	0	[denethor_bucket]
410	273	0.06324240680005459	0.09870917199996257	0	0	[denethor_bucket]
411	273	0.06600171820002743	0.09812780019997262	0	0	[denethor_bucket]
412	273	0.06292151739995688	0.09912908019996394	0	0	[denethor_bucket]
413	273	0.060840396800040254	0.0979128358001617	0	0	[denethor_bucket]
414	273	0.05039539319991491	0.09368697200002317	0	0	[denethor_bucket]
1275	17610	None	0.06967243059997373	0	0	[denethor_bucket]

#<vm1_cpu_slowdown> <vm2_cpu_slowdown> ... <vm10_cpu_slowdown>
1.00	1.00	0.50

#<vm1_storage> <vm2 _storage> <vm3_storage>
8192	8192	8192

#<vm1_cost> <vm2_cost> <vm3_cost>
0.0000051670	0.0000103330	0.0000186671

#<vm_id> <bandwidth>
1	1250
2	1250
3	5000

#<task_id> <activity_id> <conf_id> <task_cost> <task_time_duration> <task_time_init> <task_time_cpu> <task_time_read> <task_time_write> <task_count>
1	1	1	0.00000212435802	0.9236900000000001	0.8902000000000001	0.4060480459999449	0.4210178040000301	0.09662415000002511	1
1	1	2	0.00000232300425	0.50952	0.89307	0.2439043410003501	0.19650925599989932	0.06910640299975057	1
1	1	3	0.0000029500055	0.33	0.83038	0.151040059999973	0.13678658000003452	0.0421733599999925	1
1	1	4	0.00000466317559	0.26779000000000003	0.88776	0.130706829000028	0.0894764849999774	0.047606685999994625	1
1	1	5	0.00000887935069	0.26038	0.8622500000000001	0.12384276799986299	0.08823888400002033	0.048298348000116675	1
2	1	1	0.00000203712867	0.88182	0.0	0.6635168879999422	0.14036301999999523	0.07794009200006258	1
2	1	2	0.00000223996241	0.48958999999999997	0.0	0.3705826289995928	0.08041648100015664	0.03859089000025051	1
2	1	3	0.00000270642168	0.30077	0.0	0.21078199899994843	0.05066233000002285	0.039325671000028706	1
2	1	4	0.00000434317495	0.24859	0.0	0.17052769799996517	0.03876014800005123	0.0393021539999836	1
2	1	5	0.00000845534984	0.24766	0.0	0.1432432100000407	0.05685730200002581	0.04755948799993348	1
9	2	1	0.00000183039909	0.78259	0.90075	0.14096769400006895	0.3801888420000523	0.26143346399987877	1
9	2	2	0.00000221871237	0.48449000000000003	0.79018	0.10440243500051498	0.21588656099993386	0.16420100399955118	1
9	2	3	0.00000326558946	0.36787000000000003	0.8821599999999999	0.10579718500021693	0.12813842399987152	0.13393439099991156	1
9	2	4	0.00000545634385	0.31538	0.85121	0.10499806899985731	0.08535403200005476	0.12502789900008793	1
9	2	5	0.00001087335468	0.3202	0.72593	0.10447997199969467	0.08440297000015562	0.1313170580001497	1
10	2	1	0.00000215152474	0.9367300000000001	0.0	0.16285115300012196	0.11474143199995979	0.6591374149999183	1
10	2	2	0.00000232658759	0.5103800000000001	0.0	0.12359924099956959	0.041176052000082564	0.34560470700034784	1
10	2	3	0.00000462384218	0.53086	0.0	0.10789087000004417	0.06663461999983156	0.3563345100001243	1
10	2	4	0.00000939201838	0.55152	0.0	0.10640561200013463	0.1040878490000523	0.34102653899981306	1
10	2	5	0.00001616603193	0.47898	0.0	0.10571874999995862	0.04344569399995635	0.32981555600008505	1
23	1	1	0.00000227225414	0.99468	0.0	0.7996693010002052	0.11382646099991689	0.08118423799987795	1
23	1	2	0.00000247821289	0.54677	0.0	0.4288074249994529	0.07370659100024568	0.044255984000301396	1
23	1	3	0.00000295667218	0.33080000000000004	0.0	0.2350896400000018	0.055719319999980144	0.039991040000018074	1
23	1	4	0.00000471067569	0.27064	0.0	0.1833079270000295	0.04300227800001721	0.044329794999953265	1
23	1	5	0.00000823601607	0.24108000000000002	0.0	0.15034634600009494	0.045463686999937636	0.04526996699996744	1
24	1	1	0.00000130489804	0.53035	0.0	0.3449308770002532	0.10847716299986132	0.07694195999988551	1
24	1	2	0.00000151404429	0.31537	0.0	0.22127608899992732	0.060685557999931916	0.03340835300014078	1
24	1	3	0.00000261433816	0.28972000000000003	0.0	0.16254641000001607	0.08483067999998184	0.04234291000000212	1
24	1	4	0.00000448800858	0.25727999999999995	0.0	0.11961795300006475	0.0942013549999956	0.04346069199993963	1
24	1	5	0.00000749834793	0.21895	0.0	0.11760417199962393	0.059309693000159314	0.042036135000216746	1
25	1	1	0.00000246515036	1.08727	0.0	0.8842744779999625	0.11819198199987113	0.08480354000016632	1
25	1	2	0.00000262175484	0.5812200000000001	0.0	0.4911060969997986	0.04489701700003934	0.04521688600016205	1
25	1	3	0.00000322033937	0.36244	0.0	0.26617137999995377	0.054701991000001726	0.041566629000044486	1
25	1	4	0.00000512684319	0.29561000000000004	0.0	0.19460779699987904	0.06128038600002128	0.03972181700009969	1
25	1	5	0.00000899868426	0.26396	0.0	0.1609291309994232	0.057442012000137765	0.04558885700043902	1
26	1	1	0.00000298746391	1.33798	0.0	1.1390106819999186	0.11727036999991469	0.08169894800016664	1
26	1	2	0.00000313892254	0.7053400000000001	0.0	0.6032093869999007	0.059656373000052554	0.04247424000004685	1
26	1	3	0.00000334942297	0.37793	0.0	0.28941983000005045	0.04207760999997845	0.04643255999997109	1
26	1	4	0.00000520367667	0.30022000000000004	0.0	0.21659554900000855	0.05155573199999708	0.03206871899999442	1
26	1	5	0.00000977468582	0.28724	0.0	0.18158382900026324	0.05689397199967061	0.048762199000066175	1
27	1	1	0.00000202285781	0.87497	0.0	0.699856437000032	0.11348236599997108	0.06163119699999697	1
27	1	2	0.00000226721247	0.49613	0.0	0.3744725209999223	0.08132431900003212	0.04033316000004561	1
27	1	3	0.00000273050506	0.30366000000000004	0.0	0.2108774519999408	0.05356581900002766	0.03921672900003159	1
27	1	4	0.00000451150862	0.25869	0.0	0.16094162000001547	0.06650147799996375	0.031246902000020782	1
27	1	5	0.00000826934947	0.24208000000000002	0.0	0.14206206200016286	0.0564715119999164	0.04354642599992076	1
28	1	1	0.00000230235837	1.00913	0.0	0.8252367200001071	0.10315505399989888	0.08073822599999403	1
28	1	2	0.00000249071291	0.54977	0.0	0.4367577089996407	0.06958609499997692	0.04342619600038233	1
28	1	3	0.00000296908887	0.33229000000000003	0.0	0.2465288200000369	0.04509988000006615	0.04066129999989698	1
28	1	4	0.0000045853421	0.26312	0.0	0.18220656900000098	0.04008719999990262	0.040826231000096413	1
28	1	5	0.00000870901702	0.25527	0.0	0.15510598200024064	0.052504339999813965	0.047659677999945416	1
29	1	1	0.00000189617006	0.81416	0.0	0.6175486180000991	0.11336028000005172	0.0832511019998492	1
29	1	2	0.00000204667036	0.4432	0.0	0.3362141249998087	0.054149404000327195	0.052836470999864105	1
29	1	3	0.00000287717202	0.32126	0.0	0.20201825999999323	0.07879616000002443	0.04044557999998233	1
29	1	4	0.00000451250862	0.25875	0.0	0.1584611580000592	0.06316034899998613	0.03712849299995469	1
29	1	5	0.00000901501763	0.26445	0.0	0.14012717299998548	0.07934156999999686	0.04498125700001765	1
30	1	1	0.00000263658821	1.16956	0.0	0.9827434949999756	0.107761384000014	0.07905512100001033	1
30	1	2	0.00000289108872	0.64586	0.0	0.5268982349997781	0.0629541150001387	0.05600765000008323	1
30	1	3	0.00000309625579	0.34755	0.0	0.257364840000081	0.047842399999922236	0.042342759999996815	1
30	1	4	0.00000480517588	0.27631	0.0	0.19909233599995474	0.04016435700009424	0.03705330699995102	1
30	1	5	0.00000891268409	0.26138	0.0	0.1688984960001934	0.048510388000067906	0.043971115999738686	1
33	2	1	0.00000194889933	0.83947	0.0	0.12547635299994794	0.11780670600001031	0.5961869410000418	1
33	2	2	0.00000211387883	0.45933	0.0	0.10494954500004502	0.06071345499958625	0.2936670000003687	1
33	2	3	0.00000406375773	0.46365	0.0	0.10541381500033128	0.04594790999999532	0.3122882749996734	1
33	2	4	0.0000078186819	0.45712	0.0	0.10609445600001903	0.052731569999991734	0.29829397399998925	1
33	2	5	0.0000154490305	0.45747000000000004	0.0	0.10492041900027903	0.04723029499996301	0.305319285999758	1
34	2	1	0.00000170275301	0.7213200000000001	0.0	0.10527936600011288	0.119342012000061	0.4966986219998262	1
34	2	2	0.00000203100366	0.43944	0.0	0.10484266799938763	0.05854118700017352	0.27605614500043885	1
34	2	3	0.00000340900642	0.38508	0.0	0.10532852899949109	0.04722438100020554	0.23252709000030336	1
34	2	4	0.0000070848471	0.41308999999999996	0.0	0.10609591300020639	0.05228700999998637	0.2547070769998072	1
34	2	5	0.00001349969327	0.39899	0.0	0.10458881200051678	0.04665223399979368	0.24774895399968955	1
35	2	1	0.00000185998249	0.79679	0.0	0.11509661400010737	0.11522540399994341	0.5664679819999492	1
35	2	2	0.00000231117089	0.50668	0.0	0.10526684299933885	0.04863362300011431	0.35277953400054685	1
35	2	3	0.00000381609057	0.43393000000000004	0.0	0.10559806800014457	0.04917580200003613	0.2791561299998193	1
35	2	4	0.0000076146815	0.44488	0.0	0.10584338100021512	0.04502323700000943	0.29401338199977545	1
35	2	5	0.00001489036271	0.44071	0.0	0.10500283700017547	0.04320124700007	0.2925059159997545	1
36	2	1	0.00000181908657	0.77716	0.0	0.10558639000011784	0.11520717199994124	0.5563664379999409	1
36	2	2	0.00000215529558	0.46926999999999996	0.0	0.11365877700013106	0.06090347800000018	0.29470774499986874	1
36	2	3	0.00000384859063	0.43783	0.0	0.10569941499981365	0.0402639020001061	0.29186668300008023	1
36	2	4	0.00000787368201	0.46042000000000005	0.0	0.10567651699989342	0.06823139499999797	0.28651208800010863	1
36	2	5	0.00001479202918	0.43776	0.0	0.1050948430003898	0.04185422299997299	0.2908109339996372	1
37	2	1	0.00000218083729	0.9508	0.0	0.17052100900006803	0.11012261700000181	0.6701563739999301	1
37	2	2	0.00000239458772	0.5267000000000001	0.0	0.1058533489996255	0.05416905599986421	0.36667759500051034	1
37	2	3	0.00000452775866	0.5193300000000001	0.0	0.10638061000000573	0.071428343999969	0.3415210460000253	1
37	2	4	0.00000836268299	0.48976000000000003	0.0	0.10652221500010796	0.03904805399997713	0.3441897309999149	1
37	2	5	0.00001690570008	0.50117	0.0	0.10569279500009356	0.04685860499989758	0.3486186000000089	1
38	2	1	0.0000018511908	0.7925700000000001	0.0	0.105885138999883	0.11053263100006916	0.5761522300000479	1
38	2	2	0.00000205492038	0.44518	0.0	0.1062872750006315	0.04553593499986164	0.2933567899995069	1
38	2	3	0.00000401459096	0.45775	0.0	0.1055222050005923	0.045897830999820144	0.30632996399958756	1
38	2	4	0.00000747068121	0.43624	0.0	0.10645889499994815	0.043487107000032665	0.2862939980000192	1
38	2	5	0.00001608703177	0.47661000000000003	0.0	0.10584237499967401	0.05406432700010555	0.31670329800022046	1
39	2	1	0.00000178160733	0.75917	0.0	0.12433679700002892	0.13815055099996698	0.49668265200000405	1
39	2	2	0.00000191250342	0.41100000000000003	0.0	0.10488324000010471	0.05576192099988475	0.25035483900001054	1
39	2	3	0.00000365167357	0.4142	0.0	0.1052949320003965	0.05632350599989877	0.2525815619997047	1
39	2	4	0.00000766134826	0.44768	0.0	0.10531045100004548	0.05959904299993468	0.28277050600001985	1
39	2	5	0.00001407536108	0.41626	0.0	0.10485397000005628	0.042702475000169215	0.2687035549997745	1
40	2	1	0.00000194533682	0.8377600000000001	0.0	0.10635612900000228	0.11568040999998175	0.615723461000016	1
40	2	2	0.00000218887898	0.47733	0.0	0.12176873699929099	0.038778262000050745	0.31678300100065826	1
40	2	3	0.00000386959067	0.44035	0.0	0.10614145299988342	0.046766741000055845	0.28744180600006075	1
40	2	4	0.000007531848	0.43991	0.0	0.10593862300021573	0.04390269599991825	0.29006868099986605	1
40	2	5	0.00001681936657	0.49857999999999997	0.0	0.10541122200020987	0.06704290399989077	0.32612587399989934	1
731	1	1	0.00000193021179	0.8305	0.0	0.6131671119998992	0.12972293300003912	0.08760995500006175	1
731	1	2	0.00000200812862	0.43395	0.0	0.33110289700006906	0.058402881999882084	0.044444221000048856	1
731	1	3	0.00000254642136	0.28157	0.0	0.1915362099999932	0.050740529999984574	0.0392932600000222	1
731	1	4	0.00000420334134	0.2402	0.0	0.16055508900005425	0.03876866300004167	0.04087624799990408	1
731	1	5	0.00000812968253	0.23789	0.0	0.13598300100023392	0.056883771999764576	0.0450232270000015	1
732	1	1	0.00000140046073	0.5762200000000001	0.0	0.3839450480002931	0.10645612099983737	0.08581883099986953	1
732	1	2	0.00000175429478	0.37303	0.0	0.23601661599994372	0.08600083999999697	0.05101254400005928	1
732	1	3	0.0000025517547	0.28220999999999996	0.0	0.16117099900001444	0.07554082000001472	0.04549818099997083	1
732	1	4	0.00000387034067	0.22022	0.0	0.1262466550001188	0.05688800899997659	0.0370853359999046	1
732	1	5	0.00000739234772	0.21577000000000002	0.0	0.11912640400007835	0.048917028000232676	0.047726567999688996	1
733	1	1	0.00000158794028	0.6662100000000001	0.0	0.46351834899987715	0.11205492400017647	0.0906367269999464	1
733	1	2	0.00000173916975	0.3694	0.0	0.2632837149999017	0.060356891000083124	0.04575939400001516	1
733	1	3	0.00000246900454	0.27227999999999997	0.0	0.175656749999893	0.06328387100006694	0.033339379000040026	1
733	1	4	0.00000373850708	0.21231	0.0	0.13424537899993316	0.04125414600002841	0.03681047500003842	1
733	1	5	0.00000839734973	0.24592	0.0	0.12264778399974048	0.0713447369998903	0.0519274790003692	1
734	1	1	0.00000169219048	0.71625	0.0	0.5036237780000739	0.12635211599990726	0.08627410600001895	1
734	1	2	0.00000189946173	0.40787	0.0	0.28846404700015876	0.07073539099974369	0.04867056200009756	1
734	1	3	0.00000230450421	0.25254	0.0	0.16631173900002616	0.04656195100005789	0.03966630999991594	1
734	1	4	0.00000407284108	0.23237000000000002	0.0	0.1425420899999464	0.04874360600001637	0.041084304000037264	1
734	1	5	0.00000802901566	0.23487000000000002	0.0	0.1301301300002243	0.058447441999760485	0.04629242800001521	1
735	1	1	0.00000381019472	1.73289	0.0	1.5334462860000737	0.11227196300001197	0.08717175099991437	1
735	1	2	0.00000379450719	0.86268	0.0	0.7722974490000521	0.053799994999735645	0.03658255600021221	1
735	1	3	0.00000411575783	0.46989	0.0	0.3845815690000696	0.048985420999997586	0.036323009999932765	1
735	1	4	0.00000612751185	0.35564999999999997	0.0	0.2602772639999415	0.05267295999999533	0.04269977600006314	1
735	1	5	0.00001062368751	0.31271	0.0	0.2070301800002498	0.06463003499993647	0.04104978499981371	1
736	1	1	0.00000238856688	1.05051	0.0	0.8563285229999709	0.10927724299995134	0.08490423400007785	1
736	1	2	0.00000250958795	0.5543	0.0	0.4759715620000286	0.0379162079998423	0.04041223000012906	1
736	1	3	0.00000311017249	0.34922000000000003	0.0	0.24659162899996295	0.048746890999950665	0.05388148000008641	1
736	1	4	0.00000482650925	0.27759	0.0	0.18678413500012067	0.0483700659999613	0.042435798999918006	1
736	1	5	0.00000862135018	0.25264	0.0	0.15319268300011446	0.05459689999997863	0.044850416999906884	1
737	1	1	0.00000177119064	0.75417	0.0	0.5780454639996842	0.11252425300017421	0.06360028300014164	1
737	1	2	0.00000195558684	0.42134	0.0	0.31842216700000775	0.0582322700001896	0.04468556299980264	1
737	1	3	0.00000258692144	0.28643	0.0	0.19662047999998294	0.05286098999999922	0.036948530000017854	1
737	1	4	0.00000415300791	0.23718	0.0	0.14925077999990816	0.05292357400003311	0.03500564600005873	1
737	1	5	0.00000775868178	0.22676	0.0	0.1316883340000329	0.04944544899990433	0.04562621700006275	1
738	1	1	0.00000285817198	1.2759200000000002	0.0	1.0730801459998967	0.11514884100006384	0.08769101300003967	1
738	1	2	0.00000290429708	0.64903	0.0	0.5445676730000353	0.05691897199994855	0.04754335500001616	1
738	1	3	0.00000338475637	0.38217	0.0	0.2813693099999718	0.06206965000001219	0.03873104000001604	1
738	1	4	0.00000544517716	0.31471	0.0	0.20736753799998037	0.07217698099998415	0.03516548100003547	1
738	1	5	0.0000094166851	0.2765	0.0	0.17266653999974005	0.054952711000169074	0.04888074900009087	1
739	1	1	0.00000200610778	0.86693	0.0	0.6629108929999781	0.11781293400008508	0.08620617299993683	1
739	1	2	0.00000213792054	0.4651	0.0	0.362287928999756	0.06193725999992239	0.04087481100032164	1
739	1	3	0.00000271117169	0.30134	0.0	0.21189264000010535	0.05082756999991034	0.03861978999998428	1
739	1	4	0.00000444050848	0.25443	0.0	0.16543983499995893	0.05192539500001203	0.03706477000002906	1
739	1	5	0.0000085990168	0.25197	0.0	0.14083448799985374	0.0647418150001613	0.04639369699998497	1
740	1	1	0.0000019320243	0.83137	0.0	0.6166317809999174	0.1305240239998966	0.08421419500018601	1
740	1	2	0.00000194162848	0.41799000000000003	0.0	0.33803018400029966	0.0413314019997415	0.038628413999958866	1
740	1	3	0.00000280400521	0.31248000000000004	0.0	0.20425451000000477	0.06700960000000578	0.041215889999989486	1
740	1	4	0.0000045661754	0.26197000000000004	0.0	0.16231202700007885	0.06496328599996559	0.03469468699995559	1
740	1	5	0.00000895035083	0.26251	0.0	0.13950696399977255	0.07230488699997295	0.05069814900025449	1
751	2	1	0.00000165416958	0.6980000000000001	0.0	0.10570927899995967	0.11591267500000413	0.4763780460000362	1
751	2	2	0.00000201142029	0.43474	0.0	0.10489889600088487	0.07109097800002928	0.25875012599908587	1
751	2	3	0.00000380184054	0.43222000000000005	0.0	0.10548708399991734	0.04678078700021615	0.27995212899986655	1
751	2	4	0.00000666384626	0.38783	0.0	0.10549561200013255	0.04806159800000387	0.23427278999986356	1
751	2	5	0.0000140020276	0.41406	0.0	0.10498420299966763	0.050906002999909106	0.2581697940004233	1
752	2	1	0.00000202498282	0.87599	0.0	0.11929052199991315	0.1152659939999694	0.6414334840001175	1
752	2	2	0.00000252637965	0.5583300000000001	0.0	0.12164473000000192	0.06124865599986151	0.3754366140001366	1
752	2	3	0.00000393550747	0.44826	0.0	0.10554407600022364	0.042081373999963034	0.3006345499998133	1
752	2	4	0.00000748351457	0.43701	0.0	0.10586957599981793	0.044065776000024925	0.28707464800015714	1
752	2	5	0.0000145666954	0.431	0.0	0.10522581400001037	0.04616142100007892	0.2796127649999107	1
753	2	1	0.00000151079429	0.62918	0.0	0.11975780499981613	0.10728178800002297	0.40214040700016085	1
753	2	2	0.00000164325289	0.34638	0.0	0.10523687000027246	0.04219470899988664	0.1989484209998409	1
753	2	3	0.00000317092261	0.35651	0.0	0.10505301999994276	0.04405981399986558	0.20739716600019165	1
753	2	4	0.00000599284492	0.34757	0.0	0.1054689010000896	0.054151000000047134	0.18795009899986326	1
753	2	5	0.00001195635685	0.35269	0.0	0.10472230499982965	0.03792016800002784	0.2100475270001425	1
754	2	1	0.0000017024405	0.72117	0.0	0.10590613399980874	0.11899727500008339	0.49626659100010784	1
754	2	2	0.00000187979503	0.40315	0.0	0.10518197099954193	0.041612064999753784	0.25635596400070426	1
754	2	3	0.00000342542312	0.38705	0.0	0.10645696399974515	0.04141911900001105	0.23917391700024382	1
754	2	4	0.00000737018101	0.43021	0.0	0.10603231699998372	0.05559091099996749	0.26858677200004877	1
754	2	5	0.0000135156933	0.39947000000000005	0.0	0.10496991000052618	0.04314633499984666	0.2513537549996272	1
755	2	1	0.00000157406525	0.65955	0.0	0.1381307559999284	0.11865520600008495	0.4027640379999866	1
755	2	2	0.00000183150326	0.39156	0.0	0.10475397299930643	0.05672377100017911	0.23008225600051446	1
755	2	3	0.00000298500557	0.3342	0.0	0.1051865530002844	0.052151847000004636	0.17686159999971096	1
755	2	4	0.00000612651185	0.35558999999999996	0.0	0.10597122700004803	0.05092782899998838	0.19869094399996357	1
755	2	5	0.00001149835593	0.33895	0.0	0.10476892899980629	0.03896492100011528	0.19521615000007841	1
756	2	1	0.00000150173177	0.6248300000000001	0.0	0.10565689500017754	0.1135445659999732	0.4056285389998493	1
756	2	2	0.00000181487823	0.38757	0.0	0.12125383700017148	0.05533985100009886	0.21097631199972966	1
756	2	3	0.00000328175616	0.36981	0.0	0.10524364399984057	0.06723449300011453	0.1973318630000449	1
756	2	4	0.00000727201414	0.42432	0.0	0.10680382900003434	0.08009010099999614	0.2374260699999695	1
756	2	5	0.0000113186889	0.33356	0.0	0.10462594199995016	0.03886897699999281	0.19006508100005703	1
757	2	1	0.00000157677359	0.66085	0.0	0.11398926500000436	0.11891459800006032	0.42794613699993533	1
757	2	2	0.00000184412829	0.39459	0.0	0.10452986899975424	0.06917299499991714	0.2208871360003286	1
757	2	3	0.00000316125592	0.35535000000000005	0.0	0.10494930500017438	0.0550398339998992	0.19536086099992644	1
757	2	4	0.00000629234552	0.36554000000000003	0.0	0.10525071900007248	0.04772089799996593	0.2125683829999616	1
757	2	5	0.00001175168977	0.34655	0.0	0.10444100900033192	0.04400163499985865	0.19810735599980944	1
758	2	1	0.00000159156528	0.66795	0.0	0.11919890099987174	0.1271132320000561	0.4216378670000722	1
758	2	2	0.00000187004501	0.40081	0.0	0.10467639700063824	0.05994060100010756	0.2361930019992542	1
758	2	3	0.00000306217239	0.34346	0.0	0.10500924600018602	0.051646836999907464	0.1868039169999065	1
758	2	4	0.00000645017917	0.37501	0.0	0.10514059599986718	0.06794190599998728	0.20192749800014553	1
758	2	5	0.00001088368803	0.32051	0.0	0.10451074399974072	0.03779318300007617	0.1782060730001831	1
759	2	1	0.00000152025264	0.6337200000000001	0.0	0.10543617300000438	0.11140058099999806	0.4168832459999976	1
759	2	2	0.00000190900342	0.41016	0.0	0.10517390899949913	0.05323566400011259	0.2517504270003883	1
759	2	3	0.00000315358924	0.35443	0.0	0.10520024899997014	0.051469793000023856	0.197759958000006	1
759	2	4	0.00000629267885	0.36556	0.0	0.10528629099989718	0.052020889999994324	0.2082528190001085	1
759	2	5	0.00001158268943	0.34148	0.0	0.1045922220004727	0.052014863999829686	0.18487291399969763	1
760	2	1	0.000001614857	0.67913	0.0	0.11373760700008904	0.13737788899993575	0.4280145039999752	1
760	2	2	0.00000200592028	0.43342	0.0	0.11689795400040924	0.06357588900027622	0.25294615699931455	1
760	2	3	0.00000305317237	0.34238	0.0	0.10604093599995111	0.04519695599992701	0.19114210800012188	1
760	2	4	0.0000059500115	0.34500000000000003	0.0	0.10537468200001968	0.04740039700004672	0.1922249209999336	1
760	2	5	0.00001307035907	0.38611	0.0	0.10462163099995576	0.08812696199993297	0.19336140700011129	1
802	1	1	0.00000187837836	0.80562	0.0	0.6358118769998338	0.10393136900006539	0.06587675400010085	1
802	1	2	0.00000205596205	0.44543	0.0	0.34246649100010806	0.05855599400001665	0.044407514999875275	1
802	1	3	0.00000247875456	0.27344999999999997	0.0	0.18633341099993886	0.04847897000001922	0.03863761900004192	1
802	1	4	0.00000415484124	0.23729	0.0	0.1523091270000505	0.04495020199999544	0.040030670999954054	1
802	1	5	0.0000081676826	0.23903	0.0	0.1297336099999459	0.062240563000159455	0.047055826999894634	1
803	1	1	0.00000179973237	0.76787	0.0	0.5739416229997525	0.10699255200006519	0.08693582500018238	1
803	1	2	0.00000202896199	0.43895	0.0	0.3225946069999511	0.07279930400000012	0.043556089000048814	1
803	1	3	0.00000254492136	0.28139	0.0	0.1808636299999886	0.06049319999999625	0.04003317000001516	1
803	1	4	0.00000413700787	0.23622	0.0	0.14948373499998682	0.05022566699994968	0.03651059800006351	1
803	1	5	0.00000836001632	0.24480000000000002	0.0	0.13336579699995565	0.0626366239998788	0.04879757900016557	1
804	1	1	0.000002116858	0.9200900000000001	0.0	0.7226514679997944	0.11481982100008281	0.08261871100012286	1
804	1	2	0.00000208962878	0.45351	0.0	0.3662140980001766	0.05123332799985292	0.03606257399997048	1
804	1	3	0.00000269275499	0.29913	0.0	0.20975921900004313	0.04284698100002515	0.046523799999931725	1
804	1	4	0.00000441634177	0.25298	0.0	0.17360674700002843	0.040014259000031416	0.03935899399994014	1
804	1	5	0.0000085686834	0.25106	0.0	0.14516526099982235	0.060227452000162884	0.04566728700001477	1
805	1	1	0.00000210837882	0.91602	0.0	0.7230119709998885	0.10747589700008575	0.08553213200002574	1
805	1	2	0.00000235104597	0.51625	0.0	0.39886892900027304	0.061493752999922435	0.05588731799980451	1
805	1	3	0.00000283250526	0.31589999999999996	0.0	0.222463548999884	0.05011438100007126	0.04332207000004473	1
805	1	4	0.00000470650901	0.27039	0.0	0.16960618300002137	0.060199284999953306	0.04058453200002532	1
805	1	5	0.00000804368235	0.23531000000000002	0.0	0.15035794799993762	0.045852617000036844	0.03909943500002555	1
806	1	1	0.00000271481753	1.20711	0.0	1.0224660620000916	0.10466310399988288	0.07998083400002542	1
806	1	2	0.0000028176719	0.62824	0.0	0.4909296269997815	0.09863791299994773	0.0386724600002708	1
806	1	3	0.00000344708983	0.38965	0.0	0.27640161999992724	0.06997353999997813	0.04327484000009463	1
806	1	4	0.0000048480093	0.27888	0.0	0.20031433800004003	0.04258273699997517	0.03598292499998479	1
806	1	5	0.00000881068389	0.25832	0.0	0.17021769699985845	0.04586575700022877	0.04223654599991278	1
807	1	1	0.00000258694227	1.1457300000000001	0.0	0.9764107729998127	0.10463270100012778	0.06468652600005953	1
807	1	2	0.00000272275505	0.60546	0.0	0.4857801730002002	0.07870885000011185	0.04097097699968799	1
807	1	3	0.00000333992295	0.37679	0.0	0.2543660690000425	0.0843508309999379	0.03807310000001962	1
807	1	4	0.00000482584259	0.27755	0.0	0.19650724700009398	0.04273655399993004	0.038306198999976004	1
807	1	5	0.00000911001782	0.26730000000000004	0.0	0.1626222600002846	0.06313236400001188	0.04154537599970354	1
808	1	1	0.00000246544203	1.0874100000000002	0.0	0.9042410099999872	0.10137454899995646	0.0817944410000564	1
808	1	2	0.00000261537983	0.57969	0.0	0.48922676499975704	0.04330034200029331	0.04716289299994969	1
808	1	3	0.00000300942229	0.33713	0.0	0.2532772699998967	0.04486611000004359	0.0389866200000597	1
808	1	4	0.00000485367597	0.27922	0.0	0.1890679190000717	0.0425355979999722	0.04761648299995613	1
808	1	5	0.00001012535318	0.29776	0.0	0.1610939790003447	0.09249328499981857	0.04417273599983673	1
809	1	1	0.00000330454788	1.49018	0.0	1.281812873000026	0.1403400199999396	0.06802710700003445	1
809	1	2	0.00000346246486	0.7829900000000001	0.0	0.6825349869998993	0.05564799800004039	0.044807015000060346	1
809	1	3	0.00000385784065	0.43894	0.0	0.333962190000077	0.06594617999996899	0.03903162999995402	1
809	1	4	0.00000556384406	0.32183	0.0	0.2352638160000652	0.0509848609999608	0.03558132299997396	1
809	1	5	0.00000972735239	0.28582	0.0	0.19235094399976907	0.05142191999993884	0.042047136000292085	1
810	1	1	0.00000256962974	1.13742	0.0	0.943773740000077	0.1116841509999631	0.08196210899996004	1
810	1	2	0.00000275033843	0.6120800000000001	0.0	0.5060530540005258	0.05149191099962991	0.054535034999844356	1
810	1	3	0.00000297692222	0.33323	0.0	0.25359357999995746	0.04573494999999639	0.033901470000046174	1
810	1	4	0.00000488367603	0.28102	0.0	0.19533190299999798	0.04362148400002752	0.042066612999974495	1
810	1	5	0.00000958901878	0.28167000000000003	0.0	0.16334323599964223	0.04934710800034736	0.06897965600001044	1
811	1	1	0.00000256846307	1.13686	0.0	0.945503067000048	0.11513197999988733	0.07622495300006449	1
811	1	2	0.00000285733865	0.63776	0.0	0.515294507999826	0.06606263799994849	0.05640285400022549	1
811	1	3	0.00000318017263	0.35762	0.0	0.27589091000004656	0.04471326999998837	0.03701581999996506	1
811	1	4	0.0000050141763	0.28885000000000005	0.0	0.19815731599985395	0.05379991900008463	0.036892765000061445	1
811	1	5	0.00000876935047	0.25708	0.0	0.16368368499993635	0.04447459700031686	0.04892171799974676	1
852	2	1	0.00000162214868	0.68263	0.0	0.13341551399990373	0.1229266479999751	0.42628783800012116	1
852	2	2	0.00000161946117	0.34067000000000003	0.0	0.10474489500024896	0.03569242200001099	0.20023268299974006	1
852	2	3	0.0000030823391	0.34588	0.0	0.10520839899996906	0.04660757800002102	0.1940640230000099	1
852	2	4	0.00000603101166	0.34986	0.0	0.1051411150001162	0.043200276999982634	0.20151860799990118	1
852	2	5	0.00001116435526	0.32893	0.0	0.10458443499997856	0.04372401599994191	0.18062154900007954	1
853	2	1	0.00000158481527	0.66471	0.0	0.11483763600016118	0.12334261899991361	0.42652974499992524	1
853	2	2	0.00000190900342	0.41016	0.0	0.10472512000033402	0.048525920999964	0.256908958999702	1
853	2	3	0.00000363625687	0.41235000000000005	0.0	0.10539237300070783	0.10286609799982216	0.20409152899947003	1
853	2	4	0.00000596084485	0.34564999999999996	0.0	0.1055117800000511	0.0378006540000797	0.20233756599986918	1
853	2	5	0.00001161735617	0.34252	0.0	0.10464315899965686	0.03687542700004087	0.20100141400030225	1
854	2	1	0.00000157583608	0.6604	0.0	0.12173324599986733	0.1182512630000474	0.42041549100008524	1
854	2	2	0.00000172654472	0.36637000000000003	0.0	0.1046852590005011	0.0477355319999333	0.2139492089995656	1
854	2	3	0.00000349550659	0.39546	0.0	0.1053158440002307	0.08480567799983874	0.20533847799993055	1
854	2	4	0.00000650134594	0.37807999999999997	0.0	0.10555779799999533	0.049004018999994514	0.22351818300001014	1
854	2	5	0.00001180368987	0.34811000000000003	0.0	0.10492503000032537	0.03776501399988774	0.2054199559997869	1
855	2	1	0.00000153856518	0.64251	0.0	0.10551094299999728	0.12014901400004874	0.416850042999954	1
855	2	2	0.00000180954489	0.38629	0.0	0.10480051600015128	0.056287353000243456	0.2252021309996053	1
855	2	3	0.00000310558914	0.34867000000000004	0.0	0.10544059600002396	0.052211264000106894	0.19101813999986916	1
855	2	4	0.00000629384552	0.36563	0.0	0.10619773000017983	0.03948288600008709	0.21994938399973307	1
855	2	5	0.00001153968935	0.34019	0.0	0.1046853159999659	0.05379283600018425	0.18171184799984985	1
856	2	1	0.00000157058607	0.65788	0.0	0.12403522499996586	0.1169651210000211	0.41687965400001303	1
856	2	2	0.00000181537823	0.38769	0.0	0.104632143000324	0.05722567799966782	0.22583217900000818	1
856	2	3	0.0000031833393	0.358	0.0	0.1052833689998879	0.06191086799981349	0.1908057630002986	1
856	2	4	0.00000599284492	0.34757	0.0	0.10614164000001375	0.04745962700008022	0.19396873299990602	1
856	2	5	0.00001141802244	0.33654	0.0	0.10467877900008267	0.04066883199993754	0.1911923889999798	1
857	2	1	0.00000179669069	0.76641	0.0	0.11632307999996476	0.10553517499999998	0.5445517450000352	1
857	2	2	0.00000233342093	0.51202	0.0	0.10534872799996038	0.0552231789997677	0.3514480930002719	1
857	2	3	0.0000034154231	0.38585	0.0	0.10564798399979702	0.049976087000004554	0.23022592900019845	1
857	2	4	0.00000700551361	0.40832999999999997	0.0	0.10669334399997212	0.050455328999987614	0.25118132700004026	1
857	2	5	0.00001254169135	0.37025	0.0	0.10485752799996953	0.0445966260001569	0.22079584599987356	1
858	2	1	0.00000156141939	0.6534800000000001	0.0	0.11957257700026776	0.11270129800004725	0.421206124999685	1
858	2	2	0.00000182904492	0.39097000000000004	0.0	0.10488071400012154	0.051505130999885296	0.2345841549999932	1
858	2	3	0.0000030012556	0.33615	0.0	0.10536633599999948	0.04130660300006639	0.1894770609999341	1
858	2	4	0.00000631217889	0.36673	0.0	0.10574429800014286	0.04547298799991495	0.2155127139999422	1
858	2	5	0.000012202024	0.36006	0.0	0.10484883600022528	0.04602526099984061	0.20918590299993411	1
859	2	1	0.00000155704438	0.65138	0.0	0.12403781100009008	0.11048303400002624	0.4168591549998837	1
859	2	2	0.00000183625327	0.3927	0.0	0.10485781900036745	0.054408521999903314	0.23343365899972923	1
859	2	3	0.00000301217229	0.33746	0.0	0.10525948600028545	0.04595115400002214	0.1862493599996924	1
859	2	4	0.00000616117859	0.35767000000000004	0.0	0.10582411400004452	0.045467267000049105	0.2063786189999064	1
859	2	5	0.00001256069139	0.37082	0.0	0.10491697300007792	0.05009661600001891	0.21580641099990316	1
860	2	1	0.00000152939849	0.6381100000000001	0.0	0.10605399500015517	0.11549072799994065	0.4165652769999042	1
860	2	2	0.00000177575315	0.37818	0.0	0.10514216799977265	0.06594289500026207	0.20709493699996528	1
860	2	3	0.00000325533944	0.36664	0.0	0.10569871400006617	0.08648190999997496	0.17445937599995887	1
860	2	4	0.00000606551173	0.35193	0.0	0.10601614800005581	0.04128357600006893	0.20463027599987527	1
860	2	5	0.00001171802304	0.34554	0.0	0.10510217699990705	0.0428753549999783	0.19756246800011468	1
861	2	1	0.00000160850282	0.67608	0.0	0.13617573399987862	0.11529595599995446	0.42460831000016697	1
861	2	2	0.00000181896157	0.38855	0.0	0.10507230000063357	0.050957293000010395	0.23252040699935606	1
861	2	3	0.00000359417346	0.4073	0.0	0.10560333499953668	0.05020701500006908	0.25148965000039425	1
861	2	4	0.0000061500119	0.357	0.0	0.10600170900002649	0.04485921699995288	0.20613907400002063	1
861	2	5	0.00001209135712	0.35674	0.0	0.10488049500037074	0.04185880999989422	0.21000069499973506	1
2893	3	1	0.00003723726157	17.777849999999997	0.6644800000000001	17.418305071000017	0.0	0.3595449289999806	1
2893	3	2	0.00003950666195	9.433580000000001	0.81902	9.2398095499999	0.0	0.19377045000010185	1
2893	3	3	0.00003434815163	4.097770000000001	0.77095	3.99146813999997	0.0	0.1063018600000305	1
2893	3	4	0.00003482840259	2.0776999999999997	0.78751	2.000158871000117	0.0	0.07754112899988286	1
2893	3	5	0.00004251275129	1.2693800000000002	0.78711	1.1947991480004012	0.0	0.07458085199959896	1
2894	3	1	0.00007225091493	34.58437	0.0	34.32690445900001	0.0	0.25746554099998775	1
2894	3	2	0.00007570481768	18.121119999999998	0.0	17.972811621000098	0.0	0.14830837899990001	1
2894	3	3	0.0000672496341	8.04594	0.0	7.938819628999935	0.0	0.10712037100006455	1
2894	3	4	0.00006662929953	3.98575	0.0	3.942688933999936	0.0	0.043061066000063875	1
2894	3	5	0.00007715782058	2.30873	0.0	2.270226934999559	0.0	0.038503065000440984	1
2895	3	1	0.00007238156103	34.64708	0.0	34.390122618999996	0.0	0.25695738100000654	1
2895	3	2	0.00007588144303	18.16351	0.0	18.01310152300007	0.0	0.1504084769999281	1
2895	3	3	0.0000656829643	7.85794	0.0	7.766283125000101	0.0	0.09165687499989872	1
2895	3	4	0.00006576863114	3.93411	0.0	3.8940707160000687	0.0	0.040039283999931286	1
2895	3	5	0.00007625981879	2.28179	0.0	2.236478157000419	0.0	0.04531184299958113	1
2896	3	1	0.00006007445308	28.73968	0.0	28.48978174900001	0.0	0.24989825099999052	1
2896	3	2	0.00006287066701	15.040930000000001	0.0	14.908584622999909	0.0	0.1323453770000924	1
2896	3	3	0.00005457469208	6.52495	0.0	6.4409018680000925	0.0	0.08404813199990713	1
2896	3	4	0.00005533111026	3.3078600000000002	0.0	3.2660011829999527	0.0	0.041858817000047566	1
2896	3	5	0.00006345879318	1.8977600000000001	0.0	1.8554178639998844	0.0	0.042342136000115715	1
2897	3	1	0.00006060507914	28.994380000000003	0.0	28.76816094799997	0.0	0.22621905200003312	1
2897	3	2	0.00006327345948	15.1376	0.0	15.013331097999961	0.0	0.12426890200003982	1
2897	3	3	0.00005497277621	6.57272	0.0	6.48111912499996	0.0	0.0916008750000401	1
2897	3	4	0.00005523411007	3.30204	0.0	3.2546741620000947	0.0	0.047365837999905125	1
2897	3	5	0.00006533879694	1.9541600000000001	0.0	1.9138002930001206	0.0	0.04035970699987956	1
2898	3	1	0.00005727198914	27.3945	0.0	27.151316618000017	0.0	0.2431833819999838	1
2898	3	2	0.00006078728784	14.54092	0.0	14.402917691999932	0.0	0.1380023080000683	1
2898	3	3	0.00005438185836	6.501810000000001	0.0	6.417231978000041	0.0	0.08457802199995967	1
2898	3	4	0.00005375844045	3.2135000000000002	0.0	3.1586022539999488	0.0	0.054897746000051484	1
2898	3	5	0.00006179078985	1.84772	0.0	1.8104757160001743	0.0	0.03724428399982571	1
2899	3	1	0.00005872765872	28.093220000000002	0.0	27.841166232000003	0.0	0.2520537679999961	1
2899	3	2	0.00006213416553	14.86417	0.0	14.72747580899994	0.0	0.13669419100006053	1
2899	3	3	0.00005706844707	6.8242	0.0	6.730354015000084	0.0	0.09384598499991625	1
2899	3	4	0.00005612744519	3.3556399999999997	0.0	3.3158469039999603	0.0	0.03979309600003944	1
2899	3	5	0.00006342979313	1.8968900000000002	0.0	1.8569499189998322	0.0	0.03994008100016799	1
2900	3	1	0.00005379425302	25.725189999999998	0.0	25.50379639100004	0.0	0.22139360899996063	1
2900	3	2	0.00005639044571	13.48568	0.0	13.349666626000042	0.0	0.13601337399995828	1
2900	3	3	0.0000514319358	6.147819999999999	0.0	6.021784011999987	0.0	0.12603598800001237	1
2900	3	4	0.00005228077083	3.1248400000000003	0.0	3.085611591999901	0.0	0.03922840800009908	1
2900	3	5	0.00005843611647	1.74708	0.0	1.7080047390008022	0.0	0.03907526099919778	1
2901	3	1	0.00006191066509	29.621060000000003	0.0	29.297497447000012	0.0	0.32356255299998793	1
2901	3	2	0.00006472154571	15.48514	0.0	15.362720384000339	0.0	0.12241961599966089	1
2901	3	3	0.00005911795117	7.07014	0.0	6.978397856000091	0.0	0.09174214399990888	1
2901	3	4	0.00005837894969	3.49073	0.0	3.447737380999812	0.0	0.042992619000187915	1
2901	3	5	0.00006649046591	1.98871	0.0	1.9431785450000543	0.0	0.04553145499994571	1
2902	3	1	0.00005210014547	24.912020000000002	0.0	24.681481269999967	0.0	0.23053873000003478	1
2902	3	2	0.00005546031885	13.262450000000001	0.0	13.129846004000058	0.0	0.13260399599994344	1
2902	3	3	0.00004901926431	5.858300000000001	0.0	5.787339853999939	0.0	0.07096014600006129	1
2902	3	4	0.00005136343566	3.0698000000000003	0.0	3.022434702000069	0.0	0.0473652979999315	1
2902	3	5	0.00005740744775	1.71622	0.0	1.676109347999706	0.0	0.04011065200029407	1
2903	3	1	0.00005176297813	24.75018	0.0	24.518950444999973	0.0	0.23122955500002718	1
2903	3	2	0.00005511806817	13.18031	0.0	13.02025484699997	0.0	0.16005515300003026	1
2903	3	3	0.00004836542966	5.77984	0.0	5.74032444500002	0.0	0.03951555499997994	1
2903	3	4	0.00005067510095	3.0285	0.0	2.9887482620000503	0.0	0.03975173799994991	1
2903	3	5	0.00005651177929	1.68935	0.0	1.647987476000149	0.0	0.041362523999850964	1
2904	3	1	0.00005593800731	26.754189999999998	0.0	26.51783128	0.0	0.23635871999999836	1
2904	3	2	0.00005933820161	14.19314	0.0	14.051736528999896	0.0	0.1414034710001033	1
2904	3	3	0.00005246143786	6.27136	0.0	6.195478892000024	0.0	0.07588110799997594	1
2904	3	4	0.00005430460821	3.24627	0.0	3.2035426670000975	0.0	0.0427273329999025	1
2904	3	5	0.00006134578896	1.8343699999999998	0.0	1.793103309999843	0.0	0.041266690000156814	1
2905	3	1	0.00004813315837	23.00787	0.0	22.77402571399998	0.0	0.23384428600002138	1
2905	3	2	0.00005032539192	12.03007	0.0	11.891564968999978	0.0	0.13850503100002243	1
2905	3	3	0.00004575800778	5.46695	0.0	5.427369624999986	0.0	0.0395803750000141	1
2905	3	4	0.00004543875714	2.7143200000000003	0.0	2.6744116350000264	0.0	0.039908364999973855	1
2905	3	5	0.00005308843911	1.5866500000000001	0.0	1.5402866759994054	0.0	0.04636332400059473	1
2906	3	1	0.00005424419142	25.94116	0.0	25.711206088999948	0.0	0.22995391100005236	1
2906	3	2	0.00005747386455	13.745700000000001	0.0	13.599655871999916	0.0	0.14604412800008504	1
2906	3	3	0.00005323202273	6.36383	0.0	6.265005332999856	0.0	0.09882466700014447	1
2906	3	4	0.00005180310321	3.09618	0.0	3.0553440050000478	0.0	0.04083599499995216	1
2906	3	5	0.0000593501183	1.7745	0.0	1.7267356639999998	0.0	0.047764336000000185	1
2907	3	1	0.0000483150754	23.09519	0.0	22.85853303099998	0.0	0.2366569690000233	1
2907	3	2	0.00005062618419	12.102260000000001	0.0	11.960879655999975	0.0	0.14138034400002653	1
2907	3	3	0.00004650242594	5.55628	0.0	5.509295181999945	0.0	0.046984818000055384	1
2907	3	4	0.00004559675746	2.7238	0.0	2.676007196000018	0.0	0.047792803999982425	1
2907	3	5	0.0000516157695	1.54247	0.0	1.508820673999841	0.0	0.03364932600015891	1
2908	3	1	0.00004746480286	22.687060000000002	0.0	22.434414692999923	0.0	0.2526453070000798	1
2908	3	2	0.00004977668249	11.89838	0.0	11.76655282200036	0.0	0.1318271779996394	1
2908	3	3	0.00004604050835	5.500850000000001	0.0	5.4550203830000195	0.0	0.045829616999981226	1
2908	3	4	0.00004466658893	2.6679899999999996	0.0	2.6248659649998807	0.0	0.043124035000118965	1
2908	3	5	0.00005138010236	1.5354	0.0	1.4958807610003264	0.0	0.03951923899967369	1
2909	3	1	0.00004686661417	22.39993	0.0	22.162578715999945	0.0	0.23735128400005578	1
2909	3	2	0.00004895593084	11.7014	0.0	11.57413616199991	0.0	0.1272638380000899	1
2909	3	3	0.00004646159252	5.55138	0.0	5.507665823999906	0.0	0.043714176000094085	1
2909	3	4	0.00004258058476	2.54283	0.0	2.501305706999934	0.0	0.04152429300006588	1
2909	3	5	0.0000506491009	1.51347	0.0	1.4639290440001267	0.0	0.049540955999873404	1
2910	3	1	0.00004752874049	22.71775	0.0	22.490899095999996	0.0	0.22685090400000263	1
2910	3	2	0.00004983534927	11.91246	0.0	11.782697256999644	0.0	0.12976274300035584	1
2910	3	3	0.00004693734347	5.6084700000000005	0.0	5.56667694400004	0.0	0.041793055999960416	1
2910	3	4	0.00004252175131	2.5393000000000003	0.0	2.497017029999913	0.0	0.042282970000087516	1
2910	3	5	0.00005092010144	1.5215999999999998	0.0	1.4791996029998349	0.0	0.04240039700016496	1
2911	3	1	0.00004741082359	22.661150000000003	0.0	22.441862318000044	0.0	0.2192876819999583	1
2911	3	2	0.00005000830795	11.95397	0.0	11.817485473000007	0.0	0.13648452699999325	1
2911	3	3	0.00004683659327	5.59638	0.0	5.552258262999931	0.0	0.044121737000068606	1
2911	3	4	0.00004263958488	2.54637	0.0	2.502670335000151	0.0	0.04369966499984912	1
2911	3	5	0.00005119076865	1.52972	0.0	1.489699280999505	0.0	0.040020719000494864	1
2912	3	1	0.00004761286566	22.75813	0.0	22.518896983000054	0.0	0.2392330169999468	1
2912	3	2	0.00005036172532	12.03879	0.0	11.907005838000197	0.0	0.13178416199980347	1
2912	3	3	0.00004725867745	5.64703	0.0	5.6055849449998325	0.0	0.041445055000167486	1
2912	3	4	0.00004285191864	2.55911	0.0	2.511918128999777	0.0	0.04719187100022282	1
2912	3	5	0.00005226443746	1.56193	0.0	1.5156054490000022	0.0	0.04632455099999788	1
2913	3	1	0.00004721730237	22.56826	0.0	22.32840221599996	0.0	0.2398577840000371	1
2913	3	2	0.00004931051489	11.7865	0.0	11.661796081000215	0.0	0.12470391899978495	1
2913	3	3	0.00004673017639	5.58361	0.0	5.539863414000003	0.0	0.04374658599999748	1
2913	3	4	0.00004426258813	2.6437500000000003	0.0	2.6056500810000673	0.0	0.038099918999932925	1
2913	3	5	0.00005150843595	1.53925	0.0	1.5019296380007363	0.0	0.037320361999263696	1
2914	3	1	0.00004755594888	22.73081	0.0	22.49463755299983	0.0	0.23617244700017181	1
2914	3	2	0.00005008259976	11.9718	0.0	11.846414517999817	0.0	0.1253854820001834	1
2914	3	3	0.00004552775732	5.4393199999999995	0.0	5.389746200000038	0.0	0.04957379999996192	1
2914	3	4	0.00004423925474	2.64235	0.0	2.603033714999959	0.0	0.03931628500004081	1
2914	3	5	0.00005133876894	1.5341600000000002	0.0	1.4963246759997022	0.0	0.03783532400029799	1
2915	3	1	0.00004807436658	22.979650000000003	0.0	22.738560403999838	0.0	0.24108959600016533	1
2915	3	2	0.00005005239137	11.96455	0.0	11.833144131999997	0.0	0.13140586800000165	1
2915	3	3	0.00004666067625	5.575270000000001	0.0	5.528272352000113	0.0	0.046997647999887704	1
2915	3	4	0.00004352125331	2.59927	0.0	2.5589953280001043	0.0	0.04027467199989587	1
2915	3	5	0.0000513991024	1.53597	0.0	1.4930139059998535	0.0	0.04295609400014655	1
2916	3	1	0.00004888701404	23.36972	0.0	23.140539413000027	0.0	0.22918058699997346	1
2916	3	2	0.00005074926777	12.1318	0.0	11.974223018000318	0.0	0.15757698199968218	1
2916	3	3	0.00004677034314	5.588430000000001	0.0	5.544825282999893	0.0	0.043604717000107485	1
2916	3	4	0.00004479658919	2.67579	0.0	2.6346117709999755	0.0	0.04117822900002466	1
2916	3	5	0.0000520991038	1.55697	0.0	1.5120139100003132	0.0	0.04495608999968681	1
2917	3	1	0.00004725613578	22.586900000000004	0.0	22.348459737999963	0.0	0.2384402620000401	1
2917	3	2	0.00004875218044	11.6525	0.0	11.515255486999958	0.0	0.13724451300004148	1
2917	3	3	0.00004628559217	5.53026	0.0	5.491023044000032	0.0	0.039236955999967904	1
2917	3	4	0.00004393025413	2.62381	0.0	2.5873504769999243	0.0	0.03645952300007593	1
2917	3	5	0.00005099743493	1.5239200000000002	0.0	1.487407852999606	0.0	0.03651214700039418	1
2918	3	1	0.00004658621777	22.265340000000002	0.0	22.031751488999895	0.0	0.23358851100010725	1
2918	3	2	0.00004909126445	11.73388	0.0	11.598815510999657	0.0	0.1350644890003423	1
2918	3	3	0.00004587909136	5.4814799999999995	0.0	5.4372410730000755	0.0	0.04423892699992393	1
2918	3	4	0.0000439809209	2.62685	0.0	2.5831310350000747	0.0	0.04371896499992545	1
2918	3	5	0.0000505011006	1.50903	0.0	1.4720950320004862	0.0	0.0369349679995139	1
2919	3	1	0.0000487151387	23.28722	0.0	23.05879886200007	0.0	0.22842113799993058	1
2919	3	2	0.00005026935014	12.016620000000001	0.0	11.891895734999833	0.0	0.12472426500016809	1
2919	3	3	0.00004634750896	5.53769	0.0	5.487515051999823	0.0	0.0501749480001763	1
2919	3	4	0.00004534759029	2.70885	0.0	2.6641843420000146	0.0	0.04466565799998534	1
2919	3	5	0.00005179343652	1.5478	0.0	1.5051470080003972	0.0	0.04265299199960282	1
2920	3	1	0.0000479647622	22.92704	0.0	22.687749193999903	0.0	0.2392908060000991	1
2920	3	2	0.00004979939087	11.903830000000001	0.0	11.775645290000087	0.0	0.12818470999991405	1
2920	3	3	0.00004677250981	5.58869	0.0	5.543435651999928	0.0	0.04525434800007133	1
2920	3	4	0.00004506442306	2.69186	0.0	2.6486009969999973	0.0	0.04325900300000285	1
2920	3	5	0.00005097276821	1.5231800000000002	0.0	1.4835234660002679	0.0	0.039656533999732346	1
2921	3	1	0.0000505357465	24.16111	0.0	23.92503789700003	0.0	0.2360721029999695	1
2921	3	2	0.00005267518828	12.59402	0.0	12.465455409999777	0.0	0.1285645900002237	1
2921	3	3	0.00004507942309	5.3855200000000005	0.0	5.340432022999907	0.0	0.045087977000093815	1
2921	3	4	0.00004768776164	2.84926	0.0	2.812383413000176	0.0	0.03687658699982421	1
2921	3	5	0.00005440744175	1.62622	0.0	1.5832570779993027	0.0	0.04296292200069729	1
2922	3	1	0.00004817132511	23.02619	0.0	22.807878183999904	0.0	0.21831181600009586	1
2922	3	2	0.00005081335123	12.14718	0.0	12.017237764000194	0.0	0.12994223599980614	1
2922	3	3	0.00004219600066	5.03951	0.0	5.004368136999965	0.0	0.0351418630000353	1
2922	3	4	0.00004524092341	2.70245	0.0	2.6566238080001776	0.0	0.045826191999822186	1
2922	3	5	0.00005197943689	1.5533800000000002	0.0	1.514167246999644	0.0	0.039212753000356315	1
2923	4	1	0.00000765278574	3.57733	0.75293	0.015387185999809845	3.432309595000163	0.1296332190000271	1
2923	4	2	0.00000938426837	2.20422	0.81189	0.026002678000999823	2.0958807429992703	0.08233657899972968	1
2923	4	3	0.00001325519278	1.56662	0.85809	0.008602031000406896	1.51156476799963	0.046453200999962974	1
2923	4	4	0.00002350737995	1.3984400000000001	0.73538	0.007994076999984372	1.3498000879999381	0.04064583500007757	1
2923	4	5	0.00005245743785	1.56772	0.75438	0.007734351999479941	1.5106923290004488	0.04929331900007128	1

#<bucket_range_id> <size1_gb> <size2_gb> <cost_per_gb>
1	0	51200	0.0405
2	51200	460800	0.0390
3	460800	99999999999999	0.0370